
DETspecTot = [
    1    1    1    1     1     1     1    1    1    1  0.00000E+00 0.00000 
    2    2    1    1     1     1     1    1    1    1  0.00000E+00 0.00000 
    3    3    1    1     1     1     1    1    1    1  0.00000E+00 0.00000 
    4    4    1    1     1     1     1    1    1    1  0.00000E+00 0.00000 
    5    5    1    1     1     1     1    1    1    1  0.00000E+00 0.00000 
    6    6    1    1     1     1     1    1    1    1  0.00000E+00 0.00000 
    7    7    1    1     1     1     1    1    1    1  0.00000E+00 0.00000 
    8    8    1    1     1     1     1    1    1    1  0.00000E+00 0.00000 
    9    9    1    1     1     1     1    1    1    1  0.00000E+00 0.00000 
   10   10    1    1     1     1     1    1    1    1  0.00000E+00 0.00000 
   11   11    1    1     1     1     1    1    1    1  0.00000E+00 0.00000 
   12   12    1    1     1     1     1    1    1    1  0.00000E+00 0.00000 
   13   13    1    1     1     1     1    1    1    1  0.00000E+00 0.00000 
   14   14    1    1     1     1     1    1    1    1  0.00000E+00 0.00000 
   15   15    1    1     1     1     1    1    1    1  0.00000E+00 0.00000 
   16   16    1    1     1     1     1    1    1    1  0.00000E+00 0.00000 
   17   17    1    1     1     1     1    1    1    1  0.00000E+00 0.00000 
   18   18    1    1     1     1     1    1    1    1  0.00000E+00 0.00000 
   19   19    1    1     1     1     1    1    1    1  0.00000E+00 0.00000 
   20   20    1    1     1     1     1    1    1    1  0.00000E+00 0.00000 
   21   21    1    1     1     1     1    1    1    1  0.00000E+00 0.00000 
   22   22    1    1     1     1     1    1    1    1  0.00000E+00 0.00000 
   23   23    1    1     1     1     1    1    1    1  0.00000E+00 0.00000 
   24   24    1    1     1     1     1    1    1    1  0.00000E+00 0.00000 
   25   25    1    1     1     1     1    1    1    1  0.00000E+00 0.00000 
   26   26    1    1     1     1     1    1    1    1  0.00000E+00 0.00000 
   27   27    1    1     1     1     1    1    1    1  0.00000E+00 0.00000 
   28   28    1    1     1     1     1    1    1    1  0.00000E+00 0.00000 
   29   29    1    1     1     1     1    1    1    1  0.00000E+00 0.00000 
   30   30    1    1     1     1     1    1    1    1  0.00000E+00 0.00000 
   31   31    1    1     1     1     1    1    1    1  0.00000E+00 0.00000 
   32   32    1    1     1     1     1    1    1    1  0.00000E+00 0.00000 
   33   33    1    1     1     1     1    1    1    1  0.00000E+00 0.00000 
   34   34    1    1     1     1     1    1    1    1  0.00000E+00 0.00000 
   35   35    1    1     1     1     1    1    1    1  0.00000E+00 0.00000 
   36   36    1    1     1     1     1    1    1    1  0.00000E+00 0.00000 
   37   37    1    1     1     1     1    1    1    1  0.00000E+00 0.00000 
   38   38    1    1     1     1     1    1    1    1  0.00000E+00 0.00000 
   39   39    1    1     1     1     1    1    1    1  0.00000E+00 0.00000 
   40   40    1    1     1     1     1    1    1    1  0.00000E+00 0.00000 
   41   41    1    1     1     1     1    1    1    1  0.00000E+00 0.00000 
   42   42    1    1     1     1     1    1    1    1  0.00000E+00 0.00000 
   43   43    1    1     1     1     1    1    1    1  0.00000E+00 0.00000 
   44   44    1    1     1     1     1    1    1    1  0.00000E+00 0.00000 
   45   45    1    1     1     1     1    1    1    1  0.00000E+00 0.00000 
   46   46    1    1     1     1     1    1    1    1  0.00000E+00 0.00000 
   47   47    1    1     1     1     1    1    1    1  3.51793E+06 1.00000 
   48   48    1    1     1     1     1    1    1    1  4.39241E+06 1.00000 
   49   49    1    1     1     1     1    1    1    1  5.82822E+06 1.00000 
   50   50    1    1     1     1     1    1    1    1  0.00000E+00 0.00000 
   51   51    1    1     1     1     1    1    1    1  0.00000E+00 0.00000 
   52   52    1    1     1     1     1    1    1    1  7.25063E+06 1.00000 
   53   53    1    1     1     1     1    1    1    1  9.71500E+06 1.00000 
   54   54    1    1     1     1     1    1    1    1  0.00000E+00 0.00000 
   55   55    1    1     1     1     1    1    1    1  2.24034E+07 1.00000 
   56   56    1    1     1     1     1    1    1    1  0.00000E+00 0.00000 
   57   57    1    1     1     1     1    1    1    1  1.34562E+07 1.00000 
   58   58    1    1     1     1     1    1    1    1  0.00000E+00 0.00000 
   59   59    1    1     1     1     1    1    1    1  0.00000E+00 0.00000 
   60   60    1    1     1     1     1    1    1    1  5.52254E+06 1.00000 
   61   61    1    1     1     1     1    1    1    1  0.00000E+00 0.00000 
   62   62    1    1     1     1     1    1    1    1  1.80520E+07 1.00000 
   63   63    1    1     1     1     1    1    1    1  5.67651E+06 1.00000 
   64   64    1    1     1     1     1    1    1    1  0.00000E+00 0.00000 
   65   65    1    1     1     1     1    1    1    1  0.00000E+00 0.00000 
   66   66    1    1     1     1     1    1    1    1  0.00000E+00 0.00000 
   67   67    1    1     1     1     1    1    1    1  0.00000E+00 0.00000 
   68   68    1    1     1     1     1    1    1    1  0.00000E+00 0.00000 
   69   69    1    1     1     1     1    1    1    1  0.00000E+00 0.00000 
   70   70    1    1     1     1     1    1    1    1  4.91846E+05 1.00000 
   71   71    1    1     1     1     1    1    1    1  5.25216E+06 1.00000 
   72   72    1    1     1     1     1    1    1    1  0.00000E+00 0.00000 
   73   73    1    1     1     1     1    1    1    1  5.38847E+06 1.00000 
   74   74    1    1     1     1     1    1    1    1  0.00000E+00 0.00000 
   75   75    1    1     1     1     1    1    1    1  3.42390E+06 1.00000 
   76   76    1    1     1     1     1    1    1    1  1.25392E+06 1.00000 
   77   77    1    1     1     1     1    1    1    1  1.28894E+07 0.75126 
   78   78    1    1     1     1     1    1    1    1  1.16677E+07 1.00000 
   79   79    1    1     1     1     1    1    1    1  1.24495E+07 0.71417 
   80   80    1    1     1     1     1    1    1    1  1.51243E+07 0.70706 
   81   81    1    1     1     1     1    1    1    1  0.00000E+00 0.00000 
   82   82    1    1     1     1     1    1    1    1  0.00000E+00 0.00000 
   83   83    1    1     1     1     1    1    1    1  2.74492E+07 1.00000 
   84   84    1    1     1     1     1    1    1    1  1.62917E+07 0.43952 
   85   85    1    1     1     1     1    1    1    1  8.03354E+06 0.70706 
   86   86    1    1     1     1     1    1    1    1  1.59041E+07 0.77078 
   87   87    1    1     1     1     1    1    1    1  3.26615E+06 1.00000 
   88   88    1    1     1     1     1    1    1    1  2.77081E+07 0.59126 
   89   89    1    1     1     1     1    1    1    1  5.03058E+06 0.71433 
   90   90    1    1     1     1     1    1    1    1  9.29237E+07 0.39889 
   91   91    1    1     1     1     1    1    1    1  9.43616E+07 0.32212 
   92   92    1    1     1     1     1    1    1    1  1.66401E+08 0.43413 
   93   93    1    1     1     1     1    1    1    1  5.42819E+07 0.50490 
   94   94    1    1     1     1     1    1    1    1  9.07619E+07 0.33720 
   95   95    1    1     1     1     1    1    1    1  3.23783E+07 0.40699 
   96   96    1    1     1     1     1    1    1    1  7.15639E+07 0.35780 
   97   97    1    1     1     1     1    1    1    1  5.19687E+07 0.27953 
   98   98    1    1     1     1     1    1    1    1  1.68373E+08 0.30099 
   99   99    1    1     1     1     1    1    1    1  8.61138E+07 0.38597 
  100  100    1    1     1     1     1    1    1    1  1.32908E+08 0.23562 
  101  101    1    1     1     1     1    1    1    1  3.65357E+08 0.17117 
  102  102    1    1     1     1     1    1    1    1  5.27107E+08 0.22682 
  103  103    1    1     1     1     1    1    1    1  4.80152E+08 0.18376 
  104  104    1    1     1     1     1    1    1    1  7.20712E+08 0.20915 
  105  105    1    1     1     1     1    1    1    1  7.30455E+08 0.12475 
