
ZAI = [
666
0
];

NAMES = [
'lost            '
'total           '
];

iLOST    = 1;
iTOT     = 2;

MAT_NaCl_UCl3_VOLUME = [ 1.00000E+00 1.00000E+00 1.00000E+00 1.00000E+00 1.00000E+00 1.00000E+00 1.00000E+00 1.00000E+00 1.00000E+00 1.00000E+00 1.00000E+00 1.00000E+00 1.00000E+00 1.00000E+00 1.00000E+00 1.00000E+00 1.00000E+00 1.00000E+00 1.00000E+00 1.00000E+00 1.00000E+00 1.00000E+00 1.00000E+00 1.00000E+00 1.00000E+00 1.00000E+00 1.00000E+00 ];

MAT_NaCl_UCl3_BURNUP = [ 0.00000E+00 0.00000E+00 0.00000E+00 0.00000E+00 0.00000E+00 0.00000E+00 0.00000E+00 0.00000E+00 0.00000E+00 0.00000E+00 0.00000E+00 0.00000E+00 0.00000E+00 0.00000E+00 0.00000E+00 0.00000E+00 0.00000E+00 0.00000E+00 0.00000E+00 0.00000E+00 0.00000E+00 0.00000E+00 0.00000E+00 0.00000E+00 0.00000E+00 0.00000E+00 0.00000E+00 ];

MAT_NaCl_UCl3_ADENS = [
0.00000E+00 1.06975E-12 2.14570E-12 4.29671E-12 6.44870E-12 8.60266E-12 1.07555E-11 1.29099E-11 1.50632E-11 1.72160E-11 1.93688E-11 2.15195E-11 2.36682E-11 2.58146E-11 2.79578E-11 3.00960E-11 3.22291E-11 3.43561E-11 3.64761E-11 3.85873E-11 4.06894E-11 4.27814E-11 4.48611E-11 4.69282E-11 4.89817E-11 5.10200E-11 5.30433E-11 % lost data
3.42523E-02 3.42663E-02 3.42804E-02 3.43085E-02 3.43365E-02 3.43644E-02 3.43923E-02 3.44201E-02 3.44478E-02 3.44755E-02 3.45031E-02 3.45306E-02 3.45580E-02 3.45854E-02 3.46127E-02 3.46399E-02 3.46671E-02 3.46941E-02 3.47211E-02 3.47480E-02 3.47749E-02 3.48017E-02 3.48284E-02 3.48550E-02 3.48816E-02 3.49081E-02 3.49346E-02 % total
];

MAT_NaCl_UCl3_MDENS = [
0.00000E+00 0.00000E+00 0.00000E+00 0.00000E+00 0.00000E+00 0.00000E+00 0.00000E+00 0.00000E+00 0.00000E+00 0.00000E+00 0.00000E+00 0.00000E+00 0.00000E+00 0.00000E+00 0.00000E+00 0.00000E+00 0.00000E+00 0.00000E+00 0.00000E+00 0.00000E+00 0.00000E+00 0.00000E+00 0.00000E+00 0.00000E+00 0.00000E+00 0.00000E+00 0.00000E+00 % lost data
3.31630E+00 3.31435E+00 3.31236E+00 3.30839E+00 3.30442E+00 3.30045E+00 3.29647E+00 3.29248E+00 3.28849E+00 3.28450E+00 3.28050E+00 3.27650E+00 3.27249E+00 3.26847E+00 3.26445E+00 3.26043E+00 3.25640E+00 3.25237E+00 3.24833E+00 3.24428E+00 3.24023E+00 3.23618E+00 3.23212E+00 3.22806E+00 3.22399E+00 3.21992E+00 3.21584E+00 % total
];

MAT_NaCl_UCl3_A = [
0.00000E+00 0.00000E+00 0.00000E+00 0.00000E+00 0.00000E+00 0.00000E+00 0.00000E+00 0.00000E+00 0.00000E+00 0.00000E+00 0.00000E+00 0.00000E+00 0.00000E+00 0.00000E+00 0.00000E+00 0.00000E+00 0.00000E+00 0.00000E+00 0.00000E+00 0.00000E+00 0.00000E+00 0.00000E+00 0.00000E+00 0.00000E+00 0.00000E+00 0.00000E+00 0.00000E+00 % lost data
4.31815E+04 7.20821E+12 7.33579E+12 7.34168E+12 7.38476E+12 7.42331E+12 7.46009E+12 7.49646E+12 7.53345E+12 7.57046E+12 7.60793E+12 7.64562E+12 7.68296E+12 7.72078E+12 7.75833E+12 7.79473E+12 7.83111E+12 7.86553E+12 7.89966E+12 7.93106E+12 7.96209E+12 7.98996E+12 8.01720E+12 8.04194E+12 8.06416E+12 8.08592E+12 8.10455E+12 % total
];

MAT_NaCl_UCl3_H = [
0.00000E+00 0.00000E+00 0.00000E+00 0.00000E+00 0.00000E+00 0.00000E+00 0.00000E+00 0.00000E+00 0.00000E+00 0.00000E+00 0.00000E+00 0.00000E+00 0.00000E+00 0.00000E+00 0.00000E+00 0.00000E+00 0.00000E+00 0.00000E+00 0.00000E+00 0.00000E+00 0.00000E+00 0.00000E+00 0.00000E+00 0.00000E+00 0.00000E+00 0.00000E+00 0.00000E+00 % lost data
3.10147E-08 2.26196E+00 2.28184E+00 2.25941E+00 2.25262E+00 2.24548E+00 2.23796E+00 2.23044E+00 2.22281E+00 2.21520E+00 2.20769E+00 2.20019E+00 2.19280E+00 2.18563E+00 2.17866E+00 2.17181E+00 2.16536E+00 2.15909E+00 2.15328E+00 2.14763E+00 2.14255E+00 2.13769E+00 2.13334E+00 2.12936E+00 2.12569E+00 2.12259E+00 2.11974E+00 % total
];

MAT_NaCl_UCl3_SF = [
0.00000E+00 0.00000E+00 0.00000E+00 0.00000E+00 0.00000E+00 0.00000E+00 0.00000E+00 0.00000E+00 0.00000E+00 0.00000E+00 0.00000E+00 0.00000E+00 0.00000E+00 0.00000E+00 0.00000E+00 0.00000E+00 0.00000E+00 0.00000E+00 0.00000E+00 0.00000E+00 0.00000E+00 0.00000E+00 0.00000E+00 0.00000E+00 0.00000E+00 0.00000E+00 0.00000E+00 % lost data
9.13196E-03 1.53807E-02 3.43303E-02 1.14764E-01 2.65556E-01 5.13489E-01 8.98710E-01 1.47551E+00 2.31530E+00 3.50530E+00 5.15062E+00 7.37631E+00 1.03217E+01 1.41454E+01 1.90211E+01 2.51336E+01 3.26832E+01 4.18587E+01 5.28778E+01 6.59281E+01 8.12377E+01 9.89465E+01 1.19319E+02 1.42446E+02 1.68510E+02 1.97755E+02 2.30168E+02 % total
];

MAT_NaCl_UCl3_GSRC = [
0.00000E+00 0.00000E+00 0.00000E+00 0.00000E+00 0.00000E+00 0.00000E+00 0.00000E+00 0.00000E+00 0.00000E+00 0.00000E+00 0.00000E+00 0.00000E+00 0.00000E+00 0.00000E+00 0.00000E+00 0.00000E+00 0.00000E+00 0.00000E+00 0.00000E+00 0.00000E+00 0.00000E+00 0.00000E+00 0.00000E+00 0.00000E+00 0.00000E+00 0.00000E+00 0.00000E+00 % lost data
3.55672E+04 9.52087E+12 9.62993E+12 9.58572E+12 9.61603E+12 9.64851E+12 9.68144E+12 9.71524E+12 9.75018E+12 9.78548E+12 9.82151E+12 9.85769E+12 9.89344E+12 9.92963E+12 9.96533E+12 9.99933E+12 1.00331E+13 1.00643E+13 1.00948E+13 1.01217E+13 1.01480E+13 1.01701E+13 1.01911E+13 1.02089E+13 1.02234E+13 1.02371E+13 1.02468E+13 % total
];

MAT_NaCl_UCl3_ING_TOX = [
0.00000E+00 0.00000E+00 0.00000E+00 0.00000E+00 0.00000E+00 0.00000E+00 0.00000E+00 0.00000E+00 0.00000E+00 0.00000E+00 0.00000E+00 0.00000E+00 0.00000E+00 0.00000E+00 0.00000E+00 0.00000E+00 0.00000E+00 0.00000E+00 0.00000E+00 0.00000E+00 0.00000E+00 0.00000E+00 0.00000E+00 0.00000E+00 0.00000E+00 0.00000E+00 0.00000E+00 % lost data
1.99609E-03 3.35628E+03 3.54357E+03 3.70013E+03 3.82810E+03 3.93923E+03 4.04407E+03 4.14622E+03 4.24745E+03 4.34813E+03 4.44885E+03 4.54995E+03 4.65145E+03 4.75394E+03 4.85732E+03 4.96139E+03 5.06669E+03 5.17236E+03 5.27910E+03 5.38572E+03 5.49305E+03 5.59958E+03 5.70627E+03 5.81185E+03 5.91595E+03 6.01927E+03 6.12004E+03 % total
];

MAT_NaCl_UCl3_INH_TOX = [
0.00000E+00 0.00000E+00 0.00000E+00 0.00000E+00 0.00000E+00 0.00000E+00 0.00000E+00 0.00000E+00 0.00000E+00 0.00000E+00 0.00000E+00 0.00000E+00 0.00000E+00 0.00000E+00 0.00000E+00 0.00000E+00 0.00000E+00 0.00000E+00 0.00000E+00 0.00000E+00 0.00000E+00 0.00000E+00 0.00000E+00 0.00000E+00 0.00000E+00 0.00000E+00 0.00000E+00 % lost data
3.58682E-01 6.78482E+03 9.34969E+03 1.34360E+04 1.74159E+04 2.17711E+04 2.67675E+04 3.25965E+04 3.94355E+04 4.74447E+04 5.67776E+04 6.75822E+04 7.99825E+04 9.40905E+04 1.09995E+05 1.27753E+05 1.47402E+05 1.68919E+05 1.92277E+05 2.17384E+05 2.44154E+05 2.72406E+05 3.02021E+05 3.32768E+05 3.64432E+05 3.96845E+05 4.29711E+05 % total
];

MAT_TrashCan_VOLUME = [ 1.00000E+00 1.00000E+00 1.00000E+00 1.00000E+00 1.00000E+00 1.00000E+00 1.00000E+00 1.00000E+00 1.00000E+00 1.00000E+00 1.00000E+00 1.00000E+00 1.00000E+00 1.00000E+00 1.00000E+00 1.00000E+00 1.00000E+00 1.00000E+00 1.00000E+00 1.00000E+00 1.00000E+00 1.00000E+00 1.00000E+00 1.00000E+00 1.00000E+00 1.00000E+00 1.00000E+00 ];

MAT_TrashCan_BURNUP = [ 0.00000E+00 0.00000E+00 0.00000E+00 0.00000E+00 0.00000E+00 0.00000E+00 0.00000E+00 0.00000E+00 0.00000E+00 0.00000E+00 0.00000E+00 0.00000E+00 0.00000E+00 0.00000E+00 0.00000E+00 0.00000E+00 0.00000E+00 0.00000E+00 0.00000E+00 0.00000E+00 0.00000E+00 0.00000E+00 0.00000E+00 0.00000E+00 0.00000E+00 0.00000E+00 0.00000E+00 ];

MAT_TrashCan_ADENS = [
0.00000E+00 0.00000E+00 0.00000E+00 0.00000E+00 0.00000E+00 0.00000E+00 0.00000E+00 0.00000E+00 0.00000E+00 0.00000E+00 0.00000E+00 0.00000E+00 0.00000E+00 0.00000E+00 0.00000E+00 0.00000E+00 0.00000E+00 0.00000E+00 0.00000E+00 0.00000E+00 0.00000E+00 0.00000E+00 0.00000E+00 0.00000E+00 0.00000E+00 0.00000E+00 0.00000E+00 % lost data
1.00000E-24 9.17927E-06 1.85026E-05 3.71660E-05 5.58544E-05 7.45721E-05 9.33214E-05 1.12104E-04 1.30921E-04 1.49776E-04 1.68670E-04 1.87605E-04 2.06582E-04 2.25605E-04 2.44675E-04 2.63794E-04 2.82964E-04 3.02185E-04 3.21461E-04 3.40791E-04 3.60177E-04 3.79621E-04 3.99123E-04 4.18684E-04 4.38305E-04 4.57986E-04 4.77727E-04 % total
];

