
DETspecTot = [
    1    1    1    1     1     1     1    1    1    1  0.00000E+00 0.00000 
    2    2    1    1     1     1     1    1    1    1  0.00000E+00 0.00000 
    3    3    1    1     1     1     1    1    1    1  0.00000E+00 0.00000 
    4    4    1    1     1     1     1    1    1    1  0.00000E+00 0.00000 
    5    5    1    1     1     1     1    1    1    1  0.00000E+00 0.00000 
    6    6    1    1     1     1     1    1    1    1  0.00000E+00 0.00000 
    7    7    1    1     1     1     1    1    1    1  0.00000E+00 0.00000 
    8    8    1    1     1     1     1    1    1    1  0.00000E+00 0.00000 
    9    9    1    1     1     1     1    1    1    1  0.00000E+00 0.00000 
   10   10    1    1     1     1     1    1    1    1  0.00000E+00 0.00000 
   11   11    1    1     1     1     1    1    1    1  0.00000E+00 0.00000 
   12   12    1    1     1     1     1    1    1    1  0.00000E+00 0.00000 
   13   13    1    1     1     1     1    1    1    1  0.00000E+00 0.00000 
   14   14    1    1     1     1     1    1    1    1  0.00000E+00 0.00000 
   15   15    1    1     1     1     1    1    1    1  0.00000E+00 0.00000 
   16   16    1    1     1     1     1    1    1    1  0.00000E+00 0.00000 
   17   17    1    1     1     1     1    1    1    1  0.00000E+00 0.00000 
   18   18    1    1     1     1     1    1    1    1  0.00000E+00 0.00000 
   19   19    1    1     1     1     1    1    1    1  0.00000E+00 0.00000 
   20   20    1    1     1     1     1    1    1    1  0.00000E+00 0.00000 
   21   21    1    1     1     1     1    1    1    1  0.00000E+00 0.00000 
   22   22    1    1     1     1     1    1    1    1  0.00000E+00 0.00000 
   23   23    1    1     1     1     1    1    1    1  0.00000E+00 0.00000 
   24   24    1    1     1     1     1    1    1    1  0.00000E+00 0.00000 
   25   25    1    1     1     1     1    1    1    1  0.00000E+00 0.00000 
   26   26    1    1     1     1     1    1    1    1  0.00000E+00 0.00000 
   27   27    1    1     1     1     1    1    1    1  0.00000E+00 0.00000 
   28   28    1    1     1     1     1    1    1    1  0.00000E+00 0.00000 
   29   29    1    1     1     1     1    1    1    1  0.00000E+00 0.00000 
   30   30    1    1     1     1     1    1    1    1  0.00000E+00 0.00000 
   31   31    1    1     1     1     1    1    1    1  0.00000E+00 0.00000 
   32   32    1    1     1     1     1    1    1    1  0.00000E+00 0.00000 
   33   33    1    1     1     1     1    1    1    1  0.00000E+00 0.00000 
   34   34    1    1     1     1     1    1    1    1  0.00000E+00 0.00000 
   35   35    1    1     1     1     1    1    1    1  0.00000E+00 0.00000 
   36   36    1    1     1     1     1    1    1    1  0.00000E+00 0.00000 
   37   37    1    1     1     1     1    1    1    1  0.00000E+00 0.00000 
   38   38    1    1     1     1     1    1    1    1  0.00000E+00 0.00000 
   39   39    1    1     1     1     1    1    1    1  0.00000E+00 0.00000 
   40   40    1    1     1     1     1    1    1    1  0.00000E+00 0.00000 
   41   41    1    1     1     1     1    1    1    1  0.00000E+00 0.00000 
   42   42    1    1     1     1     1    1    1    1  0.00000E+00 0.00000 
   43   43    1    1     1     1     1    1    1    1  0.00000E+00 0.00000 
   44   44    1    1     1     1     1    1    1    1  0.00000E+00 0.00000 
   45   45    1    1     1     1     1    1    1    1  0.00000E+00 0.00000 
   46   46    1    1     1     1     1    1    1    1  0.00000E+00 0.00000 
   47   47    1    1     1     1     1    1    1    1  0.00000E+00 0.00000 
   48   48    1    1     1     1     1    1    1    1  7.13779E+06 1.00000 
   49   49    1    1     1     1     1    1    1    1  0.00000E+00 0.00000 
   50   50    1    1     1     1     1    1    1    1  0.00000E+00 0.00000 
   51   51    1    1     1     1     1    1    1    1  0.00000E+00 0.00000 
   52   52    1    1     1     1     1    1    1    1  0.00000E+00 0.00000 
   53   53    1    1     1     1     1    1    1    1  0.00000E+00 0.00000 
   54   54    1    1     1     1     1    1    1    1  0.00000E+00 0.00000 
   55   55    1    1     1     1     1    1    1    1  9.57863E+06 1.00000 
   56   56    1    1     1     1     1    1    1    1  0.00000E+00 0.00000 
   57   57    1    1     1     1     1    1    1    1  0.00000E+00 0.00000 
   58   58    1    1     1     1     1    1    1    1  9.40010E+06 1.00000 
   59   59    1    1     1     1     1    1    1    1  6.84555E+06 1.00000 
   60   60    1    1     1     1     1    1    1    1  1.84604E+07 1.00000 
   61   61    1    1     1     1     1    1    1    1  0.00000E+00 0.00000 
   62   62    1    1     1     1     1    1    1    1  6.18017E+06 1.00000 
   63   63    1    1     1     1     1    1    1    1  3.20926E+07 0.77549 
   64   64    1    1     1     1     1    1    1    1  1.61596E+07 0.78454 
   65   65    1    1     1     1     1    1    1    1  3.08698E+06 1.00000 
   66   66    1    1     1     1     1    1    1    1  0.00000E+00 0.00000 
   67   67    1    1     1     1     1    1    1    1  0.00000E+00 0.00000 
   68   68    1    1     1     1     1    1    1    1  0.00000E+00 0.00000 
   69   69    1    1     1     1     1    1    1    1  0.00000E+00 0.00000 
   70   70    1    1     1     1     1    1    1    1  1.33912E+06 0.70702 
   71   71    1    1     1     1     1    1    1    1  7.70780E+06 1.00000 
   72   72    1    1     1     1     1    1    1    1  0.00000E+00 0.00000 
   73   73    1    1     1     1     1    1    1    1  0.00000E+00 0.00000 
   74   74    1    1     1     1     1    1    1    1  4.43733E+06 1.00000 
   75   75    1    1     1     1     1    1    1    1  9.54156E+06 1.00000 
   76   76    1    1     1     1     1    1    1    1  1.06532E+07 0.73057 
   77   77    1    1     1     1     1    1    1    1  1.07699E+07 0.61538 
   78   78    1    1     1     1     1    1    1    1  0.00000E+00 0.00000 
   79   79    1    1     1     1     1    1    1    1  0.00000E+00 0.00000 
   80   80    1    1     1     1     1    1    1    1  1.85121E+07 1.00000 
   81   81    1    1     1     1     1    1    1    1  3.40151E+07 0.87380 
   82   82    1    1     1     1     1    1    1    1  9.92814E+06 0.63086 
   83   83    1    1     1     1     1    1    1    1  1.29321E+07 0.72033 
   84   84    1    1     1     1     1    1    1    1  9.26273E+06 0.76155 
   85   85    1    1     1     1     1    1    1    1  8.33965E+06 0.70749 
   86   86    1    1     1     1     1    1    1    1  5.10980E+07 0.55253 
   87   87    1    1     1     1     1    1    1    1  2.31373E+07 0.70126 
   88   88    1    1     1     1     1    1    1    1  3.54547E+07 0.42000 
   89   89    1    1     1     1     1    1    1    1  2.01131E+07 0.46729 
   90   90    1    1     1     1     1    1    1    1  3.45495E+07 0.46691 
   91   91    1    1     1     1     1    1    1    1  4.00628E+07 0.38773 
   92   92    1    1     1     1     1    1    1    1  1.18983E+07 1.00000 
   93   93    1    1     1     1     1    1    1    1  4.82378E+07 0.78596 
   94   94    1    1     1     1     1    1    1    1  7.31324E+07 0.43910 
   95   95    1    1     1     1     1    1    1    1  2.99160E+07 0.31708 
   96   96    1    1     1     1     1    1    1    1  8.08542E+07 0.32676 
   97   97    1    1     1     1     1    1    1    1  6.34315E+07 0.26331 
   98   98    1    1     1     1     1    1    1    1  1.50872E+08 0.31225 
   99   99    1    1     1     1     1    1    1    1  8.88788E+07 0.40564 
  100  100    1    1     1     1     1    1    1    1  1.40223E+08 0.26262 
  101  101    1    1     1     1     1    1    1    1  1.13127E+08 0.23437 
  102  102    1    1     1     1     1    1    1    1  2.97731E+08 0.31835 
  103  103    1    1     1     1     1    1    1    1  1.77047E+08 0.23134 
  104  104    1    1     1     1     1    1    1    1  3.95841E+08 0.25680 
  105  105    1    1     1     1     1    1    1    1  3.48031E+08 0.16342 
