
DETspecTot = [
    1    1    1    1     1     1     1    1    1    1  0.00000E+00 0.00000 
    2    2    1    1     1     1     1    1    1    1  0.00000E+00 0.00000 
    3    3    1    1     1     1     1    1    1    1  0.00000E+00 0.00000 
    4    4    1    1     1     1     1    1    1    1  0.00000E+00 0.00000 
    5    5    1    1     1     1     1    1    1    1  0.00000E+00 0.00000 
    6    6    1    1     1     1     1    1    1    1  0.00000E+00 0.00000 
    7    7    1    1     1     1     1    1    1    1  0.00000E+00 0.00000 
    8    8    1    1     1     1     1    1    1    1  0.00000E+00 0.00000 
    9    9    1    1     1     1     1    1    1    1  0.00000E+00 0.00000 
   10   10    1    1     1     1     1    1    1    1  0.00000E+00 0.00000 
   11   11    1    1     1     1     1    1    1    1  0.00000E+00 0.00000 
   12   12    1    1     1     1     1    1    1    1  0.00000E+00 0.00000 
   13   13    1    1     1     1     1    1    1    1  0.00000E+00 0.00000 
   14   14    1    1     1     1     1    1    1    1  0.00000E+00 0.00000 
   15   15    1    1     1     1     1    1    1    1  0.00000E+00 0.00000 
   16   16    1    1     1     1     1    1    1    1  0.00000E+00 0.00000 
   17   17    1    1     1     1     1    1    1    1  0.00000E+00 0.00000 
   18   18    1    1     1     1     1    1    1    1  0.00000E+00 0.00000 
   19   19    1    1     1     1     1    1    1    1  0.00000E+00 0.00000 
   20   20    1    1     1     1     1    1    1    1  0.00000E+00 0.00000 
   21   21    1    1     1     1     1    1    1    1  0.00000E+00 0.00000 
   22   22    1    1     1     1     1    1    1    1  0.00000E+00 0.00000 
   23   23    1    1     1     1     1    1    1    1  0.00000E+00 0.00000 
   24   24    1    1     1     1     1    1    1    1  0.00000E+00 0.00000 
   25   25    1    1     1     1     1    1    1    1  0.00000E+00 0.00000 
   26   26    1    1     1     1     1    1    1    1  0.00000E+00 0.00000 
   27   27    1    1     1     1     1    1    1    1  0.00000E+00 0.00000 
   28   28    1    1     1     1     1    1    1    1  0.00000E+00 0.00000 
   29   29    1    1     1     1     1    1    1    1  0.00000E+00 0.00000 
   30   30    1    1     1     1     1    1    1    1  0.00000E+00 0.00000 
   31   31    1    1     1     1     1    1    1    1  0.00000E+00 0.00000 
   32   32    1    1     1     1     1    1    1    1  0.00000E+00 0.00000 
   33   33    1    1     1     1     1    1    1    1  0.00000E+00 0.00000 
   34   34    1    1     1     1     1    1    1    1  0.00000E+00 0.00000 
   35   35    1    1     1     1     1    1    1    1  0.00000E+00 0.00000 
   36   36    1    1     1     1     1    1    1    1  0.00000E+00 0.00000 
   37   37    1    1     1     1     1    1    1    1  0.00000E+00 0.00000 
   38   38    1    1     1     1     1    1    1    1  0.00000E+00 0.00000 
   39   39    1    1     1     1     1    1    1    1  0.00000E+00 0.00000 
   40   40    1    1     1     1     1    1    1    1  0.00000E+00 0.00000 
   41   41    1    1     1     1     1    1    1    1  0.00000E+00 0.00000 
   42   42    1    1     1     1     1    1    1    1  0.00000E+00 0.00000 
   43   43    1    1     1     1     1    1    1    1  0.00000E+00 0.00000 
   44   44    1    1     1     1     1    1    1    1  0.00000E+00 0.00000 
   45   45    1    1     1     1     1    1    1    1  0.00000E+00 0.00000 
   46   46    1    1     1     1     1    1    1    1  0.00000E+00 0.00000 
   47   47    1    1     1     1     1    1    1    1  0.00000E+00 0.00000 
   48   48    1    1     1     1     1    1    1    1  0.00000E+00 0.00000 
   49   49    1    1     1     1     1    1    1    1  0.00000E+00 0.00000 
   50   50    1    1     1     1     1    1    1    1  0.00000E+00 0.00000 
   51   51    1    1     1     1     1    1    1    1  0.00000E+00 0.00000 
   52   52    1    1     1     1     1    1    1    1  0.00000E+00 0.00000 
   53   53    1    1     1     1     1    1    1    1  0.00000E+00 0.00000 
   54   54    1    1     1     1     1    1    1    1  0.00000E+00 0.00000 
   55   55    1    1     1     1     1    1    1    1  0.00000E+00 0.00000 
   56   56    1    1     1     1     1    1    1    1  0.00000E+00 0.00000 
   57   57    1    1     1     1     1    1    1    1  0.00000E+00 0.00000 
   58   58    1    1     1     1     1    1    1    1  0.00000E+00 0.00000 
   59   59    1    1     1     1     1    1    1    1  0.00000E+00 0.00000 
   60   60    1    1     1     1     1    1    1    1  0.00000E+00 0.00000 
   61   61    1    1     1     1     1    1    1    1  0.00000E+00 0.00000 
   62   62    1    1     1     1     1    1    1    1  0.00000E+00 0.00000 
   63   63    1    1     1     1     1    1    1    1  0.00000E+00 0.00000 
   64   64    1    1     1     1     1    1    1    1  0.00000E+00 0.00000 
   65   65    1    1     1     1     1    1    1    1  0.00000E+00 0.00000 
   66   66    1    1     1     1     1    1    1    1  0.00000E+00 0.00000 
   67   67    1    1     1     1     1    1    1    1  1.82090E+07 1.00000 
   68   68    1    1     1     1     1    1    1    1  0.00000E+00 0.00000 
   69   69    1    1     1     1     1    1    1    1  0.00000E+00 0.00000 
   70   70    1    1     1     1     1    1    1    1  0.00000E+00 0.00000 
   71   71    1    1     1     1     1    1    1    1  4.52902E+06 1.00000 
   72   72    1    1     1     1     1    1    1    1  0.00000E+00 0.00000 
   73   73    1    1     1     1     1    1    1    1  1.19060E+06 0.79118 
   74   74    1    1     1     1     1    1    1    1  9.29385E+06 1.00000 
   75   75    1    1     1     1     1    1    1    1  7.48677E+06 0.70707 
   76   76    1    1     1     1     1    1    1    1  4.37684E+06 1.00000 
   77   77    1    1     1     1     1    1    1    1  2.67367E+06 1.00000 
   78   78    1    1     1     1     1    1    1    1  8.59968E+06 1.00000 
   79   79    1    1     1     1     1    1    1    1  4.17477E+07 0.68267 
   80   80    1    1     1     1     1    1    1    1  5.84003E+06 1.00000 
   81   81    1    1     1     1     1    1    1    1  5.60314E+06 1.00000 
   82   82    1    1     1     1     1    1    1    1  2.04653E+07 0.52330 
   83   83    1    1     1     1     1    1    1    1  2.35579E+07 0.61290 
   84   84    1    1     1     1     1    1    1    1  1.52618E+07 0.50880 
   85   85    1    1     1     1     1    1    1    1  3.18505E+07 0.48869 
   86   86    1    1     1     1     1    1    1    1  1.03365E+07 1.00000 
   87   87    1    1     1     1     1    1    1    1  2.63062E+06 1.00000 
   88   88    1    1     1     1     1    1    1    1  3.03040E+07 0.52462 
   89   89    1    1     1     1     1    1    1    1  2.71203E+06 0.87801 
   90   90    1    1     1     1     1    1    1    1  3.32159E+07 0.46632 
   91   91    1    1     1     1     1    1    1    1  1.20271E+08 0.33534 
   92   92    1    1     1     1     1    1    1    1  1.15025E+08 0.46038 
   93   93    1    1     1     1     1    1    1    1  7.75961E+07 0.58085 
   94   94    1    1     1     1     1    1    1    1  3.96438E+07 0.46642 
   95   95    1    1     1     1     1    1    1    1  2.58534E+07 0.39258 
   96   96    1    1     1     1     1    1    1    1  3.45291E+07 0.49896 
   97   97    1    1     1     1     1    1    1    1  8.29545E+07 0.25529 
   98   98    1    1     1     1     1    1    1    1  2.07043E+08 0.27035 
   99   99    1    1     1     1     1    1    1    1  6.22564E+07 0.40722 
  100  100    1    1     1     1     1    1    1    1  1.43359E+08 0.24678 
  101  101    1    1     1     1     1    1    1    1  1.59358E+08 0.22383 
  102  102    1    1     1     1     1    1    1    1  1.93832E+08 0.42182 
  103  103    1    1     1     1     1    1    1    1  2.28302E+08 0.20953 
  104  104    1    1     1     1     1    1    1    1  3.89531E+08 0.23811 
  105  105    1    1     1     1     1    1    1    1  5.31919E+08 0.15736 
