
DETspecTot = [
    1    1    1    1     1     1     1    1    1    1  0.00000E+00 0.00000 
    2    2    1    1     1     1     1    1    1    1  0.00000E+00 0.00000 
    3    3    1    1     1     1     1    1    1    1  0.00000E+00 0.00000 
    4    4    1    1     1     1     1    1    1    1  0.00000E+00 0.00000 
    5    5    1    1     1     1     1    1    1    1  0.00000E+00 0.00000 
    6    6    1    1     1     1     1    1    1    1  0.00000E+00 0.00000 
    7    7    1    1     1     1     1    1    1    1  0.00000E+00 0.00000 
    8    8    1    1     1     1     1    1    1    1  0.00000E+00 0.00000 
    9    9    1    1     1     1     1    1    1    1  0.00000E+00 0.00000 
   10   10    1    1     1     1     1    1    1    1  0.00000E+00 0.00000 
   11   11    1    1     1     1     1    1    1    1  0.00000E+00 0.00000 
   12   12    1    1     1     1     1    1    1    1  0.00000E+00 0.00000 
   13   13    1    1     1     1     1    1    1    1  0.00000E+00 0.00000 
   14   14    1    1     1     1     1    1    1    1  0.00000E+00 0.00000 
   15   15    1    1     1     1     1    1    1    1  0.00000E+00 0.00000 
   16   16    1    1     1     1     1    1    1    1  0.00000E+00 0.00000 
   17   17    1    1     1     1     1    1    1    1  0.00000E+00 0.00000 
   18   18    1    1     1     1     1    1    1    1  0.00000E+00 0.00000 
   19   19    1    1     1     1     1    1    1    1  0.00000E+00 0.00000 
   20   20    1    1     1     1     1    1    1    1  0.00000E+00 0.00000 
   21   21    1    1     1     1     1    1    1    1  0.00000E+00 0.00000 
   22   22    1    1     1     1     1    1    1    1  0.00000E+00 0.00000 
   23   23    1    1     1     1     1    1    1    1  0.00000E+00 0.00000 
   24   24    1    1     1     1     1    1    1    1  0.00000E+00 0.00000 
   25   25    1    1     1     1     1    1    1    1  0.00000E+00 0.00000 
   26   26    1    1     1     1     1    1    1    1  0.00000E+00 0.00000 
   27   27    1    1     1     1     1    1    1    1  2.11387E+06 1.00000 
   28   28    1    1     1     1     1    1    1    1  2.71822E+06 1.00000 
   29   29    1    1     1     1     1    1    1    1  0.00000E+00 0.00000 
   30   30    1    1     1     1     1    1    1    1  0.00000E+00 0.00000 
   31   31    1    1     1     1     1    1    1    1  0.00000E+00 0.00000 
   32   32    1    1     1     1     1    1    1    1  0.00000E+00 0.00000 
   33   33    1    1     1     1     1    1    1    1  2.85513E+06 1.00000 
   34   34    1    1     1     1     1    1    1    1  0.00000E+00 0.00000 
   35   35    1    1     1     1     1    1    1    1  1.42326E+07 1.00000 
   36   36    1    1     1     1     1    1    1    1  0.00000E+00 0.00000 
   37   37    1    1     1     1     1    1    1    1  0.00000E+00 0.00000 
   38   38    1    1     1     1     1    1    1    1  0.00000E+00 0.00000 
   39   39    1    1     1     1     1    1    1    1  6.92569E+06 1.00000 
   40   40    1    1     1     1     1    1    1    1  0.00000E+00 0.00000 
   41   41    1    1     1     1     1    1    1    1  0.00000E+00 0.00000 
   42   42    1    1     1     1     1    1    1    1  0.00000E+00 0.00000 
   43   43    1    1     1     1     1    1    1    1  0.00000E+00 0.00000 
   44   44    1    1     1     1     1    1    1    1  0.00000E+00 0.00000 
   45   45    1    1     1     1     1    1    1    1  5.80015E+06 1.00000 
   46   46    1    1     1     1     1    1    1    1  4.58646E+06 1.00000 
   47   47    1    1     1     1     1    1    1    1  5.29302E+06 1.00000 
   48   48    1    1     1     1     1    1    1    1  0.00000E+00 0.00000 
   49   49    1    1     1     1     1    1    1    1  2.28611E+07 0.74701 
   50   50    1    1     1     1     1    1    1    1  0.00000E+00 0.00000 
   51   51    1    1     1     1     1    1    1    1  9.07008E+06 1.00000 
   52   52    1    1     1     1     1    1    1    1  1.58057E+07 1.00000 
   53   53    1    1     1     1     1    1    1    1  8.69312E+06 1.00000 
   54   54    1    1     1     1     1    1    1    1  2.61723E+07 0.74723 
   55   55    1    1     1     1     1    1    1    1  4.63869E+07 0.52896 
   56   56    1    1     1     1     1    1    1    1  0.00000E+00 0.00000 
   57   57    1    1     1     1     1    1    1    1  2.22397E+07 1.00000 
   58   58    1    1     1     1     1    1    1    1  7.64952E+06 1.00000 
   59   59    1    1     1     1     1    1    1    1  1.35313E+07 0.70698 
   60   60    1    1     1     1     1    1    1    1  6.67966E+07 0.64160 
   61   61    1    1     1     1     1    1    1    1  0.00000E+00 0.00000 
   62   62    1    1     1     1     1    1    1    1  1.21913E+07 0.79460 
   63   63    1    1     1     1     1    1    1    1  9.14890E+06 0.70698 
   64   64    1    1     1     1     1    1    1    1  1.19202E+07 0.74049 
   65   65    1    1     1     1     1    1    1    1  1.49630E+07 0.58988 
   66   66    1    1     1     1     1    1    1    1  5.74787E+07 0.85411 
   67   67    1    1     1     1     1    1    1    1  1.10559E+07 0.70811 
   68   68    1    1     1     1     1    1    1    1  2.14579E+07 0.70698 
   69   69    1    1     1     1     1    1    1    1  5.81369E+06 1.00000 
   70   70    1    1     1     1     1    1    1    1  1.11563E+07 0.57129 
   71   71    1    1     1     1     1    1    1    1  5.64610E+06 0.70706 
   72   72    1    1     1     1     1    1    1    1  4.62337E+06 1.00000 
   73   73    1    1     1     1     1    1    1    1  3.90780E+04 1.00000 
   74   74    1    1     1     1     1    1    1    1  4.04286E+07 0.55497 
   75   75    1    1     1     1     1    1    1    1  2.07039E+07 0.52348 
   76   76    1    1     1     1     1    1    1    1  5.48996E+07 0.36412 
   77   77    1    1     1     1     1    1    1    1  4.99840E+07 0.37105 
   78   78    1    1     1     1     1    1    1    1  3.42863E+07 0.77768 
   79   79    1    1     1     1     1    1    1    1  8.25313E+07 0.38423 
   80   80    1    1     1     1     1    1    1    1  1.10027E+08 0.37613 
   81   81    1    1     1     1     1    1    1    1  1.89817E+07 0.58644 
   82   82    1    1     1     1     1    1    1    1  4.08813E+07 0.29748 
   83   83    1    1     1     1     1    1    1    1  1.04716E+08 0.26991 
   84   84    1    1     1     1     1    1    1    1  5.87239E+07 0.29746 
   85   85    1    1     1     1     1    1    1    1  7.73229E+07 0.30477 
   86   86    1    1     1     1     1    1    1    1  7.67299E+07 0.55287 
   87   87    1    1     1     1     1    1    1    1  7.66950E+07 0.37021 
   88   88    1    1     1     1     1    1    1    1  5.64961E+07 0.29996 
   89   89    1    1     1     1     1    1    1    1  8.99984E+07 0.26365 
   90   90    1    1     1     1     1    1    1    1  2.32319E+08 0.19237 
   91   91    1    1     1     1     1    1    1    1  2.65331E+08 0.18801 
   92   92    1    1     1     1     1    1    1    1  4.58205E+08 0.26567 
   93   93    1    1     1     1     1    1    1    1  2.48396E+08 0.31504 
   94   94    1    1     1     1     1    1    1    1  1.91667E+08 0.20671 
   95   95    1    1     1     1     1    1    1    1  7.68338E+07 0.19229 
   96   96    1    1     1     1     1    1    1    1  2.62726E+08 0.19316 
   97   97    1    1     1     1     1    1    1    1  3.31414E+08 0.13266 
   98   98    1    1     1     1     1    1    1    1  4.11616E+08 0.18836 
   99   99    1    1     1     1     1    1    1    1  4.58834E+08 0.18269 
  100  100    1    1     1     1     1    1    1    1  5.33791E+08 0.12012 
  101  101    1    1     1     1     1    1    1    1  6.67355E+08 0.10594 
  102  102    1    1     1     1     1    1    1    1  9.47407E+08 0.18309 
  103  103    1    1     1     1     1    1    1    1  6.91925E+08 0.11521 
  104  104    1    1     1     1     1    1    1    1  1.07659E+09 0.13779 
  105  105    1    1     1     1     1    1    1    1  9.85230E+08 0.09960 
