
DETspecTot = [
    1    1    1    1     1     1     1    1    1    1  0.00000E+00 0.00000 
    2    2    1    1     1     1     1    1    1    1  0.00000E+00 0.00000 
    3    3    1    1     1     1     1    1    1    1  0.00000E+00 0.00000 
    4    4    1    1     1     1     1    1    1    1  0.00000E+00 0.00000 
    5    5    1    1     1     1     1    1    1    1  0.00000E+00 0.00000 
    6    6    1    1     1     1     1    1    1    1  0.00000E+00 0.00000 
    7    7    1    1     1     1     1    1    1    1  0.00000E+00 0.00000 
    8    8    1    1     1     1     1    1    1    1  0.00000E+00 0.00000 
    9    9    1    1     1     1     1    1    1    1  0.00000E+00 0.00000 
   10   10    1    1     1     1     1    1    1    1  0.00000E+00 0.00000 
   11   11    1    1     1     1     1    1    1    1  0.00000E+00 0.00000 
   12   12    1    1     1     1     1    1    1    1  0.00000E+00 0.00000 
   13   13    1    1     1     1     1    1    1    1  0.00000E+00 0.00000 
   14   14    1    1     1     1     1    1    1    1  0.00000E+00 0.00000 
   15   15    1    1     1     1     1    1    1    1  0.00000E+00 0.00000 
   16   16    1    1     1     1     1    1    1    1  0.00000E+00 0.00000 
   17   17    1    1     1     1     1    1    1    1  0.00000E+00 0.00000 
   18   18    1    1     1     1     1    1    1    1  0.00000E+00 0.00000 
   19   19    1    1     1     1     1    1    1    1  0.00000E+00 0.00000 
   20   20    1    1     1     1     1    1    1    1  0.00000E+00 0.00000 
   21   21    1    1     1     1     1    1    1    1  8.57249E+05 1.00000 
   22   22    1    1     1     1     1    1    1    1  0.00000E+00 0.00000 
   23   23    1    1     1     1     1    1    1    1  0.00000E+00 0.00000 
   24   24    1    1     1     1     1    1    1    1  1.52594E+06 1.00000 
   25   25    1    1     1     1     1    1    1    1  0.00000E+00 0.00000 
   26   26    1    1     1     1     1    1    1    1  0.00000E+00 0.00000 
   27   27    1    1     1     1     1    1    1    1  2.13612E+06 1.00000 
   28   28    1    1     1     1     1    1    1    1  0.00000E+00 0.00000 
   29   29    1    1     1     1     1    1    1    1  0.00000E+00 0.00000 
   30   30    1    1     1     1     1    1    1    1  0.00000E+00 0.00000 
   31   31    1    1     1     1     1    1    1    1  0.00000E+00 0.00000 
   32   32    1    1     1     1     1    1    1    1  0.00000E+00 0.00000 
   33   33    1    1     1     1     1    1    1    1  0.00000E+00 0.00000 
   34   34    1    1     1     1     1    1    1    1  0.00000E+00 0.00000 
   35   35    1    1     1     1     1    1    1    1  0.00000E+00 0.00000 
   36   36    1    1     1     1     1    1    1    1  0.00000E+00 0.00000 
   37   37    1    1     1     1     1    1    1    1  0.00000E+00 0.00000 
   38   38    1    1     1     1     1    1    1    1  0.00000E+00 0.00000 
   39   39    1    1     1     1     1    1    1    1  0.00000E+00 0.00000 
   40   40    1    1     1     1     1    1    1    1  0.00000E+00 0.00000 
   41   41    1    1     1     1     1    1    1    1  0.00000E+00 0.00000 
   42   42    1    1     1     1     1    1    1    1  0.00000E+00 0.00000 
   43   43    1    1     1     1     1    1    1    1  1.21153E+07 1.00000 
   44   44    1    1     1     1     1    1    1    1  0.00000E+00 0.00000 
   45   45    1    1     1     1     1    1    1    1  0.00000E+00 0.00000 
   46   46    1    1     1     1     1    1    1    1  0.00000E+00 0.00000 
   47   47    1    1     1     1     1    1    1    1  5.58352E+06 1.00000 
   48   48    1    1     1     1     1    1    1    1  1.54136E+07 1.00000 
   49   49    1    1     1     1     1    1    1    1  0.00000E+00 0.00000 
   50   50    1    1     1     1     1    1    1    1  0.00000E+00 0.00000 
   51   51    1    1     1     1     1    1    1    1  2.69004E+07 1.00000 
   52   52    1    1     1     1     1    1    1    1  1.55487E+07 1.00000 
   53   53    1    1     1     1     1    1    1    1  2.55914E+07 0.74860 
   54   54    1    1     1     1     1    1    1    1  3.36840E+07 0.70709 
   55   55    1    1     1     1     1    1    1    1  5.35167E+07 0.70708 
   56   56    1    1     1     1     1    1    1    1  4.97346E+07 1.00000 
   57   57    1    1     1     1     1    1    1    1  2.10773E+07 0.70704 
   58   58    1    1     1     1     1    1    1    1  0.00000E+00 0.00000 
   59   59    1    1     1     1     1    1    1    1  2.68625E+07 0.80698 
   60   60    1    1     1     1     1    1    1    1  1.69586E+07 1.00000 
   61   61    1    1     1     1     1    1    1    1  0.00000E+00 0.00000 
   62   62    1    1     1     1     1    1    1    1  1.42943E+07 0.52887 
   63   63    1    1     1     1     1    1    1    1  7.67370E+06 0.70723 
   64   64    1    1     1     1     1    1    1    1  3.29473E+06 1.00000 
   65   65    1    1     1     1     1    1    1    1  9.61707E+06 0.50837 
   66   66    1    1     1     1     1    1    1    1  5.68317E+07 1.00000 
   67   67    1    1     1     1     1    1    1    1  0.00000E+00 0.00000 
   68   68    1    1     1     1     1    1    1    1  1.03580E+07 1.00000 
   69   69    1    1     1     1     1    1    1    1  0.00000E+00 0.00000 
   70   70    1    1     1     1     1    1    1    1  0.00000E+00 0.00000 
   71   71    1    1     1     1     1    1    1    1  1.05727E+07 0.74001 
   72   72    1    1     1     1     1    1    1    1  6.89386E+06 0.77350 
   73   73    1    1     1     1     1    1    1    1  3.68968E+06 0.67961 
   74   74    1    1     1     1     1    1    1    1  2.78430E+07 0.54523 
   75   75    1    1     1     1     1    1    1    1  6.30729E+07 0.83554 
   76   76    1    1     1     1     1    1    1    1  3.17421E+07 0.66240 
   77   77    1    1     1     1     1    1    1    1  2.71583E+07 0.47313 
   78   78    1    1     1     1     1    1    1    1  8.06360E+06 1.00000 
   79   79    1    1     1     1     1    1    1    1  2.24035E+07 0.59552 
   80   80    1    1     1     1     1    1    1    1  1.75933E+07 0.57811 
   81   81    1    1     1     1     1    1    1    1  3.47992E+07 0.59186 
   82   82    1    1     1     1     1    1    1    1  1.48155E+07 0.44145 
   83   83    1    1     1     1     1    1    1    1  9.18981E+07 0.39510 
   84   84    1    1     1     1     1    1    1    1  4.83594E+07 0.35925 
   85   85    1    1     1     1     1    1    1    1  5.66673E+07 0.33740 
   86   86    1    1     1     1     1    1    1    1  3.41210E+07 0.50296 
   87   87    1    1     1     1     1    1    1    1  1.91098E+07 0.61468 
   88   88    1    1     1     1     1    1    1    1  1.48575E+07 0.55692 
   89   89    1    1     1     1     1    1    1    1  1.80904E+07 0.52310 
   90   90    1    1     1     1     1    1    1    1  8.16478E+07 0.28382 
   91   91    1    1     1     1     1    1    1    1  1.29186E+08 0.22560 
   92   92    1    1     1     1     1    1    1    1  1.90140E+08 0.34560 
   93   93    1    1     1     1     1    1    1    1  1.68754E+08 0.38558 
   94   94    1    1     1     1     1    1    1    1  1.51520E+08 0.27458 
   95   95    1    1     1     1     1    1    1    1  4.29243E+07 0.26970 
   96   96    1    1     1     1     1    1    1    1  1.23875E+08 0.24081 
   97   97    1    1     1     1     1    1    1    1  1.09567E+08 0.20908 
   98   98    1    1     1     1     1    1    1    1  1.94342E+08 0.29866 
   99   99    1    1     1     1     1    1    1    1  1.02955E+08 0.32913 
  100  100    1    1     1     1     1    1    1    1  1.20395E+08 0.19790 
  101  101    1    1     1     1     1    1    1    1  2.47524E+08 0.17177 
  102  102    1    1     1     1     1    1    1    1  3.36910E+08 0.35196 
  103  103    1    1     1     1     1    1    1    1  3.05902E+08 0.17571 
  104  104    1    1     1     1     1    1    1    1  3.40467E+08 0.21410 
  105  105    1    1     1     1     1    1    1    1  3.77962E+08 0.15820 
