
ZAI = [
666
0
];

NAMES = [
'lost            '
'total           '
];

iLOST    = 1;
iTOT     = 2;

MAT_NaCl_UCl3_VOLUME = [ 1.00000E+00 1.00000E+00 1.00000E+00 1.00000E+00 1.00000E+00 1.00000E+00 1.00000E+00 1.00000E+00 1.00000E+00 1.00000E+00 1.00000E+00 1.00000E+00 1.00000E+00 1.00000E+00 1.00000E+00 1.00000E+00 1.00000E+00 1.00000E+00 1.00000E+00 1.00000E+00 1.00000E+00 1.00000E+00 1.00000E+00 1.00000E+00 1.00000E+00 1.00000E+00 1.00000E+00 ];

MAT_NaCl_UCl3_BURNUP = [ 0.00000E+00 5.00006E+00 1.00001E+01 2.00002E+01 3.00004E+01 4.00005E+01 5.00006E+01 6.00007E+01 7.00008E+01 8.00009E+01 9.00010E+01 1.00001E+02 1.10001E+02 1.20001E+02 1.30001E+02 1.40001E+02 1.50002E+02 1.60002E+02 1.70002E+02 1.80002E+02 1.90002E+02 2.00002E+02 2.10002E+02 2.20002E+02 2.30002E+02 2.40002E+02 2.50002E+02 ];

MAT_NaCl_UCl3_ADENS = [
0.00000E+00 1.07001E-12 2.14590E-12 4.29748E-12 6.44725E-12 8.59879E-12 1.07493E-11 1.29005E-11 1.50506E-11 1.71991E-11 1.93473E-11 2.14942E-11 2.36379E-11 2.57793E-11 2.79174E-11 3.00501E-11 3.21770E-11 3.42977E-11 3.64107E-11 3.85164E-11 4.06102E-11 4.26937E-11 4.47665E-11 4.68264E-11 4.88724E-11 5.09031E-11 5.29194E-11 % lost data
3.42523E-02 3.42755E-02 3.42989E-02 3.43456E-02 3.43923E-02 3.44390E-02 3.44856E-02 3.45322E-02 3.45787E-02 3.46253E-02 3.46717E-02 3.47182E-02 3.47646E-02 3.48110E-02 3.48574E-02 3.49037E-02 3.49500E-02 3.49963E-02 3.50426E-02 3.50888E-02 3.51351E-02 3.51813E-02 3.52275E-02 3.52737E-02 3.53199E-02 3.53661E-02 3.54123E-02 % total
];

MAT_NaCl_UCl3_MDENS = [
0.00000E+00 0.00000E+00 0.00000E+00 0.00000E+00 0.00000E+00 0.00000E+00 0.00000E+00 0.00000E+00 0.00000E+00 0.00000E+00 0.00000E+00 0.00000E+00 0.00000E+00 0.00000E+00 0.00000E+00 0.00000E+00 0.00000E+00 0.00000E+00 0.00000E+00 0.00000E+00 0.00000E+00 0.00000E+00 0.00000E+00 0.00000E+00 0.00000E+00 0.00000E+00 0.00000E+00 % lost data
3.31630E+00 3.31626E+00 3.31623E+00 3.31615E+00 3.31608E+00 3.31601E+00 3.31594E+00 3.31587E+00 3.31580E+00 3.31574E+00 3.31567E+00 3.31561E+00 3.31555E+00 3.31549E+00 3.31544E+00 3.31538E+00 3.31533E+00 3.31528E+00 3.31523E+00 3.31519E+00 3.31515E+00 3.31511E+00 3.31507E+00 3.31503E+00 3.31500E+00 3.31497E+00 3.31494E+00 % total
];

MAT_NaCl_UCl3_A = [
0.00000E+00 0.00000E+00 0.00000E+00 0.00000E+00 0.00000E+00 0.00000E+00 0.00000E+00 0.00000E+00 0.00000E+00 0.00000E+00 0.00000E+00 0.00000E+00 0.00000E+00 0.00000E+00 0.00000E+00 0.00000E+00 0.00000E+00 0.00000E+00 0.00000E+00 0.00000E+00 0.00000E+00 0.00000E+00 0.00000E+00 0.00000E+00 0.00000E+00 0.00000E+00 0.00000E+00 % lost data
4.31815E+04 7.34952E+12 7.47888E+12 7.48477E+12 7.52984E+12 7.56980E+12 7.60844E+12 7.64693E+12 7.68574E+12 7.72513E+12 7.76458E+12 7.80432E+12 7.84453E+12 7.88487E+12 7.92437E+12 7.96409E+12 8.00254E+12 8.04019E+12 8.07658E+12 8.11105E+12 8.14428E+12 8.17620E+12 8.20522E+12 8.23259E+12 8.25751E+12 8.28270E+12 8.30350E+12 % total
];

MAT_NaCl_UCl3_H = [
0.00000E+00 0.00000E+00 0.00000E+00 0.00000E+00 0.00000E+00 0.00000E+00 0.00000E+00 0.00000E+00 0.00000E+00 0.00000E+00 0.00000E+00 0.00000E+00 0.00000E+00 0.00000E+00 0.00000E+00 0.00000E+00 0.00000E+00 0.00000E+00 0.00000E+00 0.00000E+00 0.00000E+00 0.00000E+00 0.00000E+00 0.00000E+00 0.00000E+00 0.00000E+00 0.00000E+00 % lost data
3.10147E-08 2.27046E+00 2.29050E+00 2.26826E+00 2.26172E+00 2.25489E+00 2.24776E+00 2.24062E+00 2.23342E+00 2.22626E+00 2.21920E+00 2.21224E+00 2.20540E+00 2.19881E+00 2.19238E+00 2.18622E+00 2.18031E+00 2.17476E+00 2.16954E+00 2.16468E+00 2.16012E+00 2.15611E+00 2.15241E+00 2.14911E+00 2.14615E+00 2.14383E+00 2.14164E+00 % total
];

MAT_NaCl_UCl3_SF = [
0.00000E+00 0.00000E+00 0.00000E+00 0.00000E+00 0.00000E+00 0.00000E+00 0.00000E+00 0.00000E+00 0.00000E+00 0.00000E+00 0.00000E+00 0.00000E+00 0.00000E+00 0.00000E+00 0.00000E+00 0.00000E+00 0.00000E+00 0.00000E+00 0.00000E+00 0.00000E+00 0.00000E+00 0.00000E+00 0.00000E+00 0.00000E+00 0.00000E+00 0.00000E+00 0.00000E+00 % lost data
9.13196E-03 1.53792E-02 3.43301E-02 1.14679E-01 2.65447E-01 5.13263E-01 8.98297E-01 1.47497E+00 2.31405E+00 3.50321E+00 5.14650E+00 7.36776E+00 1.03081E+01 1.41232E+01 1.89840E+01 2.50775E+01 3.25933E+01 4.17303E+01 5.26964E+01 6.56646E+01 8.08758E+01 9.84986E+01 1.18675E+02 1.41604E+02 1.67441E+02 1.96433E+02 2.28475E+02 % total
];

MAT_NaCl_UCl3_GSRC = [
0.00000E+00 0.00000E+00 0.00000E+00 0.00000E+00 0.00000E+00 0.00000E+00 0.00000E+00 0.00000E+00 0.00000E+00 0.00000E+00 0.00000E+00 0.00000E+00 0.00000E+00 0.00000E+00 0.00000E+00 0.00000E+00 0.00000E+00 0.00000E+00 0.00000E+00 0.00000E+00 0.00000E+00 0.00000E+00 0.00000E+00 0.00000E+00 0.00000E+00 0.00000E+00 0.00000E+00 % lost data
3.55672E+04 9.65673E+12 9.76774E+12 9.72430E+12 9.75752E+12 9.79250E+12 9.82867E+12 9.86610E+12 9.90453E+12 9.94404E+12 9.98395E+12 1.00243E+13 1.00652E+13 1.01064E+13 1.01464E+13 1.01865E+13 1.02250E+13 1.02623E+13 1.02979E+13 1.03311E+13 1.03623E+13 1.03919E+13 1.04178E+13 1.04414E+13 1.04618E+13 1.04823E+13 1.04974E+13 % total
];

MAT_NaCl_UCl3_ING_TOX = [
0.00000E+00 0.00000E+00 0.00000E+00 0.00000E+00 0.00000E+00 0.00000E+00 0.00000E+00 0.00000E+00 0.00000E+00 0.00000E+00 0.00000E+00 0.00000E+00 0.00000E+00 0.00000E+00 0.00000E+00 0.00000E+00 0.00000E+00 0.00000E+00 0.00000E+00 0.00000E+00 0.00000E+00 0.00000E+00 0.00000E+00 0.00000E+00 0.00000E+00 0.00000E+00 0.00000E+00 % lost data
1.99609E-03 3.35721E+03 3.54677E+03 3.71049E+03 3.84885E+03 3.97220E+03 4.09114E+03 4.20899E+03 4.32711E+03 4.44618E+03 4.56624E+03 4.68780E+03 4.81121E+03 4.93646E+03 5.06333E+03 5.19230E+03 5.32278E+03 5.45473E+03 5.58799E+03 5.72179E+03 5.85644E+03 5.99138E+03 6.12540E+03 6.25868E+03 6.39052E+03 6.52196E+03 6.64987E+03 % total
];

MAT_NaCl_UCl3_INH_TOX = [
0.00000E+00 0.00000E+00 0.00000E+00 0.00000E+00 0.00000E+00 0.00000E+00 0.00000E+00 0.00000E+00 0.00000E+00 0.00000E+00 0.00000E+00 0.00000E+00 0.00000E+00 0.00000E+00 0.00000E+00 0.00000E+00 0.00000E+00 0.00000E+00 0.00000E+00 0.00000E+00 0.00000E+00 0.00000E+00 0.00000E+00 0.00000E+00 0.00000E+00 0.00000E+00 0.00000E+00 % lost data
3.58682E-01 6.78560E+03 9.35282E+03 1.34457E+04 1.74377E+04 2.18060E+04 2.68169E+04 3.26628E+04 3.95163E+04 4.75413E+04 5.68858E+04 6.76948E+04 8.00986E+04 9.42061E+04 1.10098E+05 1.27837E+05 1.47445E+05 1.68914E+05 1.92208E+05 2.17226E+05 2.43882E+05 2.72040E+05 3.01497E+05 3.32070E+05 3.63545E+05 3.95766E+05 4.28406E+05 % total
];

TOT_VOLUME = [ 1.00000E+00 1.00000E+00 1.00000E+00 1.00000E+00 1.00000E+00 1.00000E+00 1.00000E+00 1.00000E+00 1.00000E+00 1.00000E+00 1.00000E+00 1.00000E+00 1.00000E+00 1.00000E+00 1.00000E+00 1.00000E+00 1.00000E+00 1.00000E+00 1.00000E+00 1.00000E+00 1.00000E+00 1.00000E+00 1.00000E+00 1.00000E+00 1.00000E+00 1.00000E+00 1.00000E+00 ];

TOT_BURNUP = [ 0.00000E+00 -NAN -NAN -NAN -NAN -NAN -NAN -NAN -NAN -NAN -NAN -NAN -NAN -NAN -NAN -NAN -NAN -NAN -NAN -NAN -NAN -NAN -NAN -NAN -NAN -NAN -NAN ];

TOT_ADENS = [
0.00000E+00 1.07001E-12 2.14590E-12 4.29748E-12 6.44725E-12 8.59879E-12 1.07493E-11 1.29005E-11 1.50506E-11 1.71991E-11 1.93473E-11 2.14942E-11 2.36379E-11 2.57793E-11 2.79174E-11 3.00501E-11 3.21770E-11 3.42977E-11 3.64107E-11 3.85164E-11 4.06102E-11 4.26937E-11 4.47665E-11 4.68264E-11 4.88724E-11 5.09031E-11 5.29194E-11 % lost data
3.42523E-02 3.42755E-02 3.42989E-02 3.43456E-02 3.43923E-02 3.44390E-02 3.44856E-02 3.45322E-02 3.45787E-02 3.46253E-02 3.46717E-02 3.47182E-02 3.47646E-02 3.48110E-02 3.48574E-02 3.49037E-02 3.49500E-02 3.49963E-02 3.50426E-02 3.50888E-02 3.51351E-02 3.51813E-02 3.52275E-02 3.52737E-02 3.53199E-02 3.53661E-02 3.54123E-02 % total
];

