
DETspecTot = [
    1    1    1    1     1     1     1    1    1    1  0.00000E+00 0.00000 
    2    2    1    1     1     1     1    1    1    1  0.00000E+00 0.00000 
    3    3    1    1     1     1     1    1    1    1  0.00000E+00 0.00000 
    4    4    1    1     1     1     1    1    1    1  0.00000E+00 0.00000 
    5    5    1    1     1     1     1    1    1    1  0.00000E+00 0.00000 
    6    6    1    1     1     1     1    1    1    1  0.00000E+00 0.00000 
    7    7    1    1     1     1     1    1    1    1  0.00000E+00 0.00000 
    8    8    1    1     1     1     1    1    1    1  0.00000E+00 0.00000 
    9    9    1    1     1     1     1    1    1    1  0.00000E+00 0.00000 
   10   10    1    1     1     1     1    1    1    1  0.00000E+00 0.00000 
   11   11    1    1     1     1     1    1    1    1  0.00000E+00 0.00000 
   12   12    1    1     1     1     1    1    1    1  0.00000E+00 0.00000 
   13   13    1    1     1     1     1    1    1    1  0.00000E+00 0.00000 
   14   14    1    1     1     1     1    1    1    1  0.00000E+00 0.00000 
   15   15    1    1     1     1     1    1    1    1  0.00000E+00 0.00000 
   16   16    1    1     1     1     1    1    1    1  8.38977E+05 1.00000 
   17   17    1    1     1     1     1    1    1    1  0.00000E+00 0.00000 
   18   18    1    1     1     1     1    1    1    1  0.00000E+00 0.00000 
   19   19    1    1     1     1     1    1    1    1  0.00000E+00 0.00000 
   20   20    1    1     1     1     1    1    1    1  0.00000E+00 0.00000 
   21   21    1    1     1     1     1    1    1    1  0.00000E+00 0.00000 
   22   22    1    1     1     1     1    1    1    1  0.00000E+00 0.00000 
   23   23    1    1     1     1     1    1    1    1  0.00000E+00 0.00000 
   24   24    1    1     1     1     1    1    1    1  0.00000E+00 0.00000 
   25   25    1    1     1     1     1    1    1    1  0.00000E+00 0.00000 
   26   26    1    1     1     1     1    1    1    1  0.00000E+00 0.00000 
   27   27    1    1     1     1     1    1    1    1  0.00000E+00 0.00000 
   28   28    1    1     1     1     1    1    1    1  0.00000E+00 0.00000 
   29   29    1    1     1     1     1    1    1    1  0.00000E+00 0.00000 
   30   30    1    1     1     1     1    1    1    1  0.00000E+00 0.00000 
   31   31    1    1     1     1     1    1    1    1  0.00000E+00 0.00000 
   32   32    1    1     1     1     1    1    1    1  0.00000E+00 0.00000 
   33   33    1    1     1     1     1    1    1    1  0.00000E+00 0.00000 
   34   34    1    1     1     1     1    1    1    1  0.00000E+00 0.00000 
   35   35    1    1     1     1     1    1    1    1  0.00000E+00 0.00000 
   36   36    1    1     1     1     1    1    1    1  0.00000E+00 0.00000 
   37   37    1    1     1     1     1    1    1    1  0.00000E+00 0.00000 
   38   38    1    1     1     1     1    1    1    1  0.00000E+00 0.00000 
   39   39    1    1     1     1     1    1    1    1  0.00000E+00 0.00000 
   40   40    1    1     1     1     1    1    1    1  0.00000E+00 0.00000 
   41   41    1    1     1     1     1    1    1    1  0.00000E+00 0.00000 
   42   42    1    1     1     1     1    1    1    1  0.00000E+00 0.00000 
   43   43    1    1     1     1     1    1    1    1  0.00000E+00 0.00000 
   44   44    1    1     1     1     1    1    1    1  0.00000E+00 0.00000 
   45   45    1    1     1     1     1    1    1    1  0.00000E+00 0.00000 
   46   46    1    1     1     1     1    1    1    1  0.00000E+00 0.00000 
   47   47    1    1     1     1     1    1    1    1  0.00000E+00 0.00000 
   48   48    1    1     1     1     1    1    1    1  0.00000E+00 0.00000 
   49   49    1    1     1     1     1    1    1    1  0.00000E+00 0.00000 
   50   50    1    1     1     1     1    1    1    1  0.00000E+00 0.00000 
   51   51    1    1     1     1     1    1    1    1  0.00000E+00 0.00000 
   52   52    1    1     1     1     1    1    1    1  1.57576E+07 1.00000 
   53   53    1    1     1     1     1    1    1    1  4.99296E+07 1.00000 
   54   54    1    1     1     1     1    1    1    1  1.65632E+07 1.00000 
   55   55    1    1     1     1     1    1    1    1  1.74445E+07 1.00000 
   56   56    1    1     1     1     1    1    1    1  4.94935E+07 1.00000 
   57   57    1    1     1     1     1    1    1    1  0.00000E+00 0.00000 
   58   58    1    1     1     1     1    1    1    1  7.07045E+06 1.00000 
   59   59    1    1     1     1     1    1    1    1  1.79473E+07 0.75103 
   60   60    1    1     1     1     1    1    1    1  8.42273E+06 1.00000 
   61   61    1    1     1     1     1    1    1    1  0.00000E+00 0.00000 
   62   62    1    1     1     1     1    1    1    1  1.69761E+07 1.00000 
   63   63    1    1     1     1     1    1    1    1  1.62819E+07 0.79196 
   64   64    1    1     1     1     1    1    1    1  2.64458E+07 0.55529 
   65   65    1    1     1     1     1    1    1    1  1.07762E+07 0.64792 
   66   66    1    1     1     1     1    1    1    1  9.48054E+06 1.00000 
   67   67    1    1     1     1     1    1    1    1  2.90222E+07 0.72192 
   68   68    1    1     1     1     1    1    1    1  3.15518E+07 0.74466 
   69   69    1    1     1     1     1    1    1    1  3.30921E+06 1.00000 
   70   70    1    1     1     1     1    1    1    1  3.70795E+06 1.00000 
   71   71    1    1     1     1     1    1    1    1  4.19630E+06 1.00000 
   72   72    1    1     1     1     1    1    1    1  0.00000E+00 0.00000 
   73   73    1    1     1     1     1    1    1    1  1.65170E+06 1.00000 
   74   74    1    1     1     1     1    1    1    1  2.78626E+07 0.83861 
   75   75    1    1     1     1     1    1    1    1  2.00719E+07 1.00000 
   76   76    1    1     1     1     1    1    1    1  8.07963E+06 1.00000 
   77   77    1    1     1     1     1    1    1    1  1.17184E+07 0.71463 
   78   78    1    1     1     1     1    1    1    1  7.70647E+06 1.00000 
   79   79    1    1     1     1     1    1    1    1  1.21452E+07 0.80839 
   80   80    1    1     1     1     1    1    1    1  1.82958E+07 0.74046 
   81   81    1    1     1     1     1    1    1    1  2.46985E+07 0.57715 
   82   82    1    1     1     1     1    1    1    1  1.42927E+07 0.67152 
   83   83    1    1     1     1     1    1    1    1  3.04481E+07 0.52141 
   84   84    1    1     1     1     1    1    1    1  2.15141E+07 0.76688 
   85   85    1    1     1     1     1    1    1    1  2.69881E+06 1.00000 
   86   86    1    1     1     1     1    1    1    1  1.01696E+07 1.00000 
   87   87    1    1     1     1     1    1    1    1  3.37669E+06 1.00000 
   88   88    1    1     1     1     1    1    1    1  2.32172E+07 0.45660 
   89   89    1    1     1     1     1    1    1    1  3.80022E+07 0.49111 
   90   90    1    1     1     1     1    1    1    1  3.59185E+07 0.43809 
   91   91    1    1     1     1     1    1    1    1  5.55162E+07 0.37713 
   92   92    1    1     1     1     1    1    1    1  8.93599E+07 0.46116 
   93   93    1    1     1     1     1    1    1    1  1.09501E+08 0.42010 
   94   94    1    1     1     1     1    1    1    1  5.27508E+07 0.35125 
   95   95    1    1     1     1     1    1    1    1  3.19474E+07 0.31426 
   96   96    1    1     1     1     1    1    1    1  6.68690E+07 0.40769 
   97   97    1    1     1     1     1    1    1    1  1.01753E+08 0.26771 
   98   98    1    1     1     1     1    1    1    1  1.60195E+08 0.29598 
   99   99    1    1     1     1     1    1    1    1  1.67418E+08 0.34976 
  100  100    1    1     1     1     1    1    1    1  8.88769E+07 0.24520 
  101  101    1    1     1     1     1    1    1    1  1.78057E+08 0.23166 
  102  102    1    1     1     1     1    1    1    1  2.46823E+08 0.39199 
  103  103    1    1     1     1     1    1    1    1  1.44387E+08 0.28025 
  104  104    1    1     1     1     1    1    1    1  2.52485E+08 0.23081 
  105  105    1    1     1     1     1    1    1    1  3.27070E+08 0.18917 
