
DETspecTot = [
    1    1    1    1     1     1     1    1    1    1  0.00000E+00 0.00000 
    2    2    1    1     1     1     1    1    1    1  0.00000E+00 0.00000 
    3    3    1    1     1     1     1    1    1    1  0.00000E+00 0.00000 
    4    4    1    1     1     1     1    1    1    1  0.00000E+00 0.00000 
    5    5    1    1     1     1     1    1    1    1  0.00000E+00 0.00000 
    6    6    1    1     1     1     1    1    1    1  0.00000E+00 0.00000 
    7    7    1    1     1     1     1    1    1    1  0.00000E+00 0.00000 
    8    8    1    1     1     1     1    1    1    1  0.00000E+00 0.00000 
    9    9    1    1     1     1     1    1    1    1  0.00000E+00 0.00000 
   10   10    1    1     1     1     1    1    1    1  0.00000E+00 0.00000 
   11   11    1    1     1     1     1    1    1    1  0.00000E+00 0.00000 
   12   12    1    1     1     1     1    1    1    1  0.00000E+00 0.00000 
   13   13    1    1     1     1     1    1    1    1  0.00000E+00 0.00000 
   14   14    1    1     1     1     1    1    1    1  0.00000E+00 0.00000 
   15   15    1    1     1     1     1    1    1    1  0.00000E+00 0.00000 
   16   16    1    1     1     1     1    1    1    1  0.00000E+00 0.00000 
   17   17    1    1     1     1     1    1    1    1  0.00000E+00 0.00000 
   18   18    1    1     1     1     1    1    1    1  6.48015E+05 1.00000 
   19   19    1    1     1     1     1    1    1    1  0.00000E+00 0.00000 
   20   20    1    1     1     1     1    1    1    1  2.03953E+06 0.74211 
   21   21    1    1     1     1     1    1    1    1  3.90335E+05 1.00000 
   22   22    1    1     1     1     1    1    1    1  0.00000E+00 0.00000 
   23   23    1    1     1     1     1    1    1    1  4.84704E+05 1.00000 
   24   24    1    1     1     1     1    1    1    1  8.52980E+05 1.00000 
   25   25    1    1     1     1     1    1    1    1  2.70076E+06 1.00000 
   26   26    1    1     1     1     1    1    1    1  4.11160E+06 1.00000 
   27   27    1    1     1     1     1    1    1    1  3.73189E+06 0.70939 
   28   28    1    1     1     1     1    1    1    1  5.34613E+06 0.70777 
   29   29    1    1     1     1     1    1    1    1  0.00000E+00 0.00000 
   30   30    1    1     1     1     1    1    1    1  5.82057E+06 0.74517 
   31   31    1    1     1     1     1    1    1    1  1.08389E+07 0.57715 
   32   32    1    1     1     1     1    1    1    1  0.00000E+00 0.00000 
   33   33    1    1     1     1     1    1    1    1  3.26037E+07 0.50710 
   34   34    1    1     1     1     1    1    1    1  3.41860E+06 1.00000 
   35   35    1    1     1     1     1    1    1    1  0.00000E+00 0.00000 
   36   36    1    1     1     1     1    1    1    1  0.00000E+00 0.00000 
   37   37    1    1     1     1     1    1    1    1  1.01729E+07 0.73307 
   38   38    1    1     1     1     1    1    1    1  0.00000E+00 0.00000 
   39   39    1    1     1     1     1    1    1    1  0.00000E+00 0.00000 
   40   40    1    1     1     1     1    1    1    1  0.00000E+00 0.00000 
   41   41    1    1     1     1     1    1    1    1  0.00000E+00 0.00000 
   42   42    1    1     1     1     1    1    1    1  4.85402E+06 1.00000 
   43   43    1    1     1     1     1    1    1    1  0.00000E+00 0.00000 
   44   44    1    1     1     1     1    1    1    1  0.00000E+00 0.00000 
   45   45    1    1     1     1     1    1    1    1  1.34786E+07 1.00000 
   46   46    1    1     1     1     1    1    1    1  8.03195E+06 0.70814 
   47   47    1    1     1     1     1    1    1    1  1.40132E+07 0.74008 
   48   48    1    1     1     1     1    1    1    1  1.32202E+07 1.00000 
   49   49    1    1     1     1     1    1    1    1  5.82769E+07 0.52831 
   50   50    1    1     1     1     1    1    1    1  0.00000E+00 0.00000 
   51   51    1    1     1     1     1    1    1    1  5.08803E+07 0.46975 
   52   52    1    1     1     1     1    1    1    1  4.23709E+07 0.52877 
   53   53    1    1     1     1     1    1    1    1  7.33139E+07 0.46794 
   54   54    1    1     1     1     1    1    1    1  8.36372E+07 0.57758 
   55   55    1    1     1     1     1    1    1    1  6.92263E+07 0.55240 
   56   56    1    1     1     1     1    1    1    1  1.16021E+08 0.70720 
   57   57    1    1     1     1     1    1    1    1  1.20421E+08 0.48904 
   58   58    1    1     1     1     1    1    1    1  8.76745E+07 0.48714 
   59   59    1    1     1     1     1    1    1    1  4.91995E+07 0.47686 
   60   60    1    1     1     1     1    1    1    1  7.74751E+07 0.31639 
   61   61    1    1     1     1     1    1    1    1  9.67128E+07 1.00000 
   62   62    1    1     1     1     1    1    1    1  1.30810E+08 0.31818 
   63   63    1    1     1     1     1    1    1    1  8.50944E+07 0.50172 
   64   64    1    1     1     1     1    1    1    1  1.69558E+08 0.31209 
   65   65    1    1     1     1     1    1    1    1  1.13577E+08 0.27133 
   66   66    1    1     1     1     1    1    1    1  2.27497E+08 0.34096 
   67   67    1    1     1     1     1    1    1    1  9.49472E+07 0.35794 
   68   68    1    1     1     1     1    1    1    1  7.92059E+07 0.42766 
   69   69    1    1     1     1     1    1    1    1  3.81722E+07 0.42453 
   70   70    1    1     1     1     1    1    1    1  3.15691E+07 0.31884 
   71   71    1    1     1     1     1    1    1    1  5.76045E+07 0.28683 
   72   72    1    1     1     1     1    1    1    1  3.93459E+07 0.35643 
   73   73    1    1     1     1     1    1    1    1  2.09047E+07 0.33009 
   74   74    1    1     1     1     1    1    1    1  1.49845E+08 0.32818 
   75   75    1    1     1     1     1    1    1    1  8.63913E+07 0.28265 
   76   76    1    1     1     1     1    1    1    1  5.91468E+07 0.29162 
   77   77    1    1     1     1     1    1    1    1  1.40006E+08 0.21922 
   78   78    1    1     1     1     1    1    1    1  1.99534E+08 0.30488 
   79   79    1    1     1     1     1    1    1    1  2.60518E+08 0.20738 
   80   80    1    1     1     1     1    1    1    1  2.78692E+08 0.22111 
   81   81    1    1     1     1     1    1    1    1  1.08564E+08 0.24043 
   82   82    1    1     1     1     1    1    1    1  1.81120E+08 0.17052 
   83   83    1    1     1     1     1    1    1    1  2.94611E+08 0.24341 
   84   84    1    1     1     1     1    1    1    1  1.22514E+08 0.18204 
   85   85    1    1     1     1     1    1    1    1  3.23706E+08 0.17976 
   86   86    1    1     1     1     1    1    1    1  2.20412E+08 0.23947 
   87   87    1    1     1     1     1    1    1    1  2.79869E+08 0.17658 
   88   88    1    1     1     1     1    1    1    1  2.13047E+08 0.18562 
   89   89    1    1     1     1     1    1    1    1  2.49786E+08 0.13840 
   90   90    1    1     1     1     1    1    1    1  7.65609E+08 0.12697 
   91   91    1    1     1     1     1    1    1    1  6.51666E+08 0.11888 
   92   92    1    1     1     1     1    1    1    1  8.93193E+08 0.17922 
   93   93    1    1     1     1     1    1    1    1  8.23082E+08 0.17594 
   94   94    1    1     1     1     1    1    1    1  6.23200E+08 0.11641 
   95   95    1    1     1     1     1    1    1    1  2.96516E+08 0.12344 
   96   96    1    1     1     1     1    1    1    1  7.12710E+08 0.11108 
   97   97    1    1     1     1     1    1    1    1  7.41746E+08 0.08392 
   98   98    1    1     1     1     1    1    1    1  1.20524E+09 0.12173 
   99   99    1    1     1     1     1    1    1    1  1.00250E+09 0.12631 
  100  100    1    1     1     1     1    1    1    1  1.46279E+09 0.08371 
  101  101    1    1     1     1     1    1    1    1  1.65122E+09 0.07323 
  102  102    1    1     1     1     1    1    1    1  2.69275E+09 0.11381 
  103  103    1    1     1     1     1    1    1    1  1.92571E+09 0.07824 
  104  104    1    1     1     1     1    1    1    1  3.26800E+09 0.08769 
  105  105    1    1     1     1     1    1    1    1  2.55764E+09 0.06652 
