
DETspecTot = [
    1    1    1    1     1     1     1    1    1    1  0.00000E+00 0.00000 
    2    2    1    1     1     1     1    1    1    1  0.00000E+00 0.00000 
    3    3    1    1     1     1     1    1    1    1  0.00000E+00 0.00000 
    4    4    1    1     1     1     1    1    1    1  0.00000E+00 0.00000 
    5    5    1    1     1     1     1    1    1    1  0.00000E+00 0.00000 
    6    6    1    1     1     1     1    1    1    1  0.00000E+00 0.00000 
    7    7    1    1     1     1     1    1    1    1  0.00000E+00 0.00000 
    8    8    1    1     1     1     1    1    1    1  0.00000E+00 0.00000 
    9    9    1    1     1     1     1    1    1    1  0.00000E+00 0.00000 
   10   10    1    1     1     1     1    1    1    1  2.36925E+05 1.00000 
   11   11    1    1     1     1     1    1    1    1  2.16073E+05 1.00000 
   12   12    1    1     1     1     1    1    1    1  2.22630E+05 1.00000 
   13   13    1    1     1     1     1    1    1    1  2.69328E+05 1.00000 
   14   14    1    1     1     1     1    1    1    1  0.00000E+00 0.00000 
   15   15    1    1     1     1     1    1    1    1  0.00000E+00 0.00000 
   16   16    1    1     1     1     1    1    1    1  5.06958E+05 1.00000 
   17   17    1    1     1     1     1    1    1    1  0.00000E+00 0.00000 
   18   18    1    1     1     1     1    1    1    1  1.26638E+06 0.70699 
   19   19    1    1     1     1     1    1    1    1  6.64477E+05 1.00000 
   20   20    1    1     1     1     1    1    1    1  5.37506E+05 1.00000 
   21   21    1    1     1     1     1    1    1    1  1.39798E+06 0.50123 
   22   22    1    1     1     1     1    1    1    1  3.84654E+05 1.00000 
   23   23    1    1     1     1     1    1    1    1  6.14875E+05 1.00000 
   24   24    1    1     1     1     1    1    1    1  3.20148E+06 0.57833 
   25   25    1    1     1     1     1    1    1    1  0.00000E+00 0.00000 
   26   26    1    1     1     1     1    1    1    1  7.92162E+06 0.70764 
   27   27    1    1     1     1     1    1    1    1  5.84345E+06 0.57730 
   28   28    1    1     1     1     1    1    1    1  8.03615E+06 0.57823 
   29   29    1    1     1     1     1    1    1    1  0.00000E+00 0.00000 
   30   30    1    1     1     1     1    1    1    1  1.39443E+07 0.42946 
   31   31    1    1     1     1     1    1    1    1  3.66521E+07 0.42899 
   32   32    1    1     1     1     1    1    1    1  3.16330E+07 0.57722 
   33   33    1    1     1     1     1    1    1    1  8.88499E+06 0.57720 
   34   34    1    1     1     1     1    1    1    1  2.74657E+07 0.44062 
   35   35    1    1     1     1     1    1    1    1  3.13736E+07 0.57731 
   36   36    1    1     1     1     1    1    1    1  2.42972E+07 0.39798 
   37   37    1    1     1     1     1    1    1    1  6.58466E+06 0.58370 
   38   38    1    1     1     1     1    1    1    1  2.84248E+06 0.71391 
   39   39    1    1     1     1     1    1    1    1  1.81072E+06 0.58116 
   40   40    1    1     1     1     1    1    1    1  6.51175E+05 0.70704 
   41   41    1    1     1     1     1    1    1    1  1.35581E+06 1.00000 
   42   42    1    1     1     1     1    1    1    1  1.72795E+06 1.00000 
   43   43    1    1     1     1     1    1    1    1  2.80844E+06 0.72292 
   44   44    1    1     1     1     1    1    1    1  2.66617E+06 1.00000 
   45   45    1    1     1     1     1    1    1    1  9.11515E+06 0.57799 
   46   46    1    1     1     1     1    1    1    1  2.72680E+07 0.37239 
   47   47    1    1     1     1     1    1    1    1  3.22927E+06 1.00000 
   48   48    1    1     1     1     1    1    1    1  2.15369E+07 0.50052 
   49   49    1    1     1     1     1    1    1    1  8.37478E+07 0.35157 
   50   50    1    1     1     1     1    1    1    1  9.72795E+07 1.00000 
   51   51    1    1     1     1     1    1    1    1  1.40339E+08 0.31322 
   52   52    1    1     1     1     1    1    1    1  1.57287E+08 0.27278 
   53   53    1    1     1     1     1    1    1    1  1.60645E+08 0.31731 
   54   54    1    1     1     1     1    1    1    1  2.07051E+08 0.29122 
   55   55    1    1     1     1     1    1    1    1  3.77129E+08 0.24642 
   56   56    1    1     1     1     1    1    1    1  2.65990E+08 0.49977 
   57   57    1    1     1     1     1    1    1    1  3.77289E+08 0.24188 
   58   58    1    1     1     1     1    1    1    1  2.78082E+08 0.26923 
   59   59    1    1     1     1     1    1    1    1  3.51767E+08 0.23069 
   60   60    1    1     1     1     1    1    1    1  5.77625E+08 0.17466 
   61   61    1    1     1     1     1    1    1    1  1.09869E+09 0.31577 
   62   62    1    1     1     1     1    1    1    1  5.22928E+08 0.15756 
   63   63    1    1     1     1     1    1    1    1  5.35000E+08 0.18392 
   64   64    1    1     1     1     1    1    1    1  4.41940E+08 0.19921 
   65   65    1    1     1     1     1    1    1    1  4.66066E+08 0.17306 
   66   66    1    1     1     1     1    1    1    1  4.75180E+08 0.22407 
   67   67    1    1     1     1     1    1    1    1  2.72514E+08 0.20004 
   68   68    1    1     1     1     1    1    1    1  4.46895E+08 0.27742 
   69   69    1    1     1     1     1    1    1    1  2.89006E+08 0.20484 
   70   70    1    1     1     1     1    1    1    1  6.61027E+07 0.21206 
   71   71    1    1     1     1     1    1    1    1  1.05750E+08 0.17677 
   72   72    1    1     1     1     1    1    1    1  1.21536E+08 0.22376 
   73   73    1    1     1     1     1    1    1    1  1.04497E+08 0.20146 
   74   74    1    1     1     1     1    1    1    1  6.12451E+08 0.15580 
   75   75    1    1     1     1     1    1    1    1  1.96294E+08 0.17726 
   76   76    1    1     1     1     1    1    1    1  1.79175E+08 0.16367 
   77   77    1    1     1     1     1    1    1    1  5.38297E+08 0.13904 
   78   78    1    1     1     1     1    1    1    1  8.22709E+08 0.18755 
   79   79    1    1     1     1     1    1    1    1  1.06299E+09 0.13884 
   80   80    1    1     1     1     1    1    1    1  7.15600E+08 0.14438 
   81   81    1    1     1     1     1    1    1    1  3.85694E+08 0.12523 
   82   82    1    1     1     1     1    1    1    1  7.99228E+08 0.10101 
   83   83    1    1     1     1     1    1    1    1  1.06599E+09 0.12168 
   84   84    1    1     1     1     1    1    1    1  4.29579E+08 0.09907 
   85   85    1    1     1     1     1    1    1    1  1.09890E+09 0.09830 
   86   86    1    1     1     1     1    1    1    1  1.12545E+09 0.13417 
   87   87    1    1     1     1     1    1    1    1  8.80246E+08 0.11568 
   88   88    1    1     1     1     1    1    1    1  9.75668E+08 0.10667 
   89   89    1    1     1     1     1    1    1    1  9.29582E+08 0.08539 
   90   90    1    1     1     1     1    1    1    1  3.43716E+09 0.06939 
   91   91    1    1     1     1     1    1    1    1  3.61911E+09 0.06052 
   92   92    1    1     1     1     1    1    1    1  3.68359E+09 0.08801 
   93   93    1    1     1     1     1    1    1    1  3.90412E+09 0.08699 
   94   94    1    1     1     1     1    1    1    1  2.73338E+09 0.06420 
   95   95    1    1     1     1     1    1    1    1  1.79411E+09 0.06479 
   96   96    1    1     1     1     1    1    1    1  2.56026E+09 0.06840 
   97   97    1    1     1     1     1    1    1    1  2.59013E+09 0.04891 
   98   98    1    1     1     1     1    1    1    1  4.75634E+09 0.05985 
   99   99    1    1     1     1     1    1    1    1  4.98460E+09 0.06094 
  100  100    1    1     1     1     1    1    1    1  5.92281E+09 0.04715 
  101  101    1    1     1     1     1    1    1    1  5.45769E+09 0.04386 
  102  102    1    1     1     1     1    1    1    1  7.79971E+09 0.06632 
  103  103    1    1     1     1     1    1    1    1  6.08710E+09 0.04544 
  104  104    1    1     1     1     1    1    1    1  1.02148E+10 0.05226 
  105  105    1    1     1     1     1    1    1    1  8.66130E+09 0.03757 
