
DETspecTot = [
    1    1    1    1     1     1     1    1    1    1  0.00000E+00 0.00000 
    2    2    1    1     1     1     1    1    1    1  0.00000E+00 0.00000 
    3    3    1    1     1     1     1    1    1    1  0.00000E+00 0.00000 
    4    4    1    1     1     1     1    1    1    1  0.00000E+00 0.00000 
    5    5    1    1     1     1     1    1    1    1  0.00000E+00 0.00000 
    6    6    1    1     1     1     1    1    1    1  0.00000E+00 0.00000 
    7    7    1    1     1     1     1    1    1    1  0.00000E+00 0.00000 
    8    8    1    1     1     1     1    1    1    1  0.00000E+00 0.00000 
    9    9    1    1     1     1     1    1    1    1  0.00000E+00 0.00000 
   10   10    1    1     1     1     1    1    1    1  0.00000E+00 0.00000 
   11   11    1    1     1     1     1    1    1    1  0.00000E+00 0.00000 
   12   12    1    1     1     1     1    1    1    1  0.00000E+00 0.00000 
   13   13    1    1     1     1     1    1    1    1  0.00000E+00 0.00000 
   14   14    1    1     1     1     1    1    1    1  0.00000E+00 0.00000 
   15   15    1    1     1     1     1    1    1    1  0.00000E+00 0.00000 
   16   16    1    1     1     1     1    1    1    1  0.00000E+00 0.00000 
   17   17    1    1     1     1     1    1    1    1  6.55534E+05 1.00000 
   18   18    1    1     1     1     1    1    1    1  0.00000E+00 0.00000 
   19   19    1    1     1     1     1    1    1    1  0.00000E+00 0.00000 
   20   20    1    1     1     1     1    1    1    1  7.59893E+05 1.00000 
   21   21    1    1     1     1     1    1    1    1  0.00000E+00 0.00000 
   22   22    1    1     1     1     1    1    1    1  5.31916E+05 1.00000 
   23   23    1    1     1     1     1    1    1    1  0.00000E+00 0.00000 
   24   24    1    1     1     1     1    1    1    1  0.00000E+00 0.00000 
   25   25    1    1     1     1     1    1    1    1  0.00000E+00 0.00000 
   26   26    1    1     1     1     1    1    1    1  0.00000E+00 0.00000 
   27   27    1    1     1     1     1    1    1    1  0.00000E+00 0.00000 
   28   28    1    1     1     1     1    1    1    1  2.82733E+06 1.00000 
   29   29    1    1     1     1     1    1    1    1  0.00000E+00 0.00000 
   30   30    1    1     1     1     1    1    1    1  1.99478E+07 0.72221 
   31   31    1    1     1     1     1    1    1    1  0.00000E+00 0.00000 
   32   32    1    1     1     1     1    1    1    1  0.00000E+00 0.00000 
   33   33    1    1     1     1     1    1    1    1  0.00000E+00 0.00000 
   34   34    1    1     1     1     1    1    1    1  0.00000E+00 0.00000 
   35   35    1    1     1     1     1    1    1    1  0.00000E+00 0.00000 
   36   36    1    1     1     1     1    1    1    1  4.61149E+06 1.00000 
   37   37    1    1     1     1     1    1    1    1  0.00000E+00 0.00000 
   38   38    1    1     1     1     1    1    1    1  0.00000E+00 0.00000 
   39   39    1    1     1     1     1    1    1    1  0.00000E+00 0.00000 
   40   40    1    1     1     1     1    1    1    1  0.00000E+00 0.00000 
   41   41    1    1     1     1     1    1    1    1  0.00000E+00 0.00000 
   42   42    1    1     1     1     1    1    1    1  0.00000E+00 0.00000 
   43   43    1    1     1     1     1    1    1    1  0.00000E+00 0.00000 
   44   44    1    1     1     1     1    1    1    1  0.00000E+00 0.00000 
   45   45    1    1     1     1     1    1    1    1  0.00000E+00 0.00000 
   46   46    1    1     1     1     1    1    1    1  5.02414E+06 1.00000 
   47   47    1    1     1     1     1    1    1    1  0.00000E+00 0.00000 
   48   48    1    1     1     1     1    1    1    1  1.45207E+07 1.00000 
   49   49    1    1     1     1     1    1    1    1  2.29421E+07 0.74711 
   50   50    1    1     1     1     1    1    1    1  0.00000E+00 0.00000 
   51   51    1    1     1     1     1    1    1    1  6.30390E+07 0.74371 
   52   52    1    1     1     1     1    1    1    1  6.42503E+07 0.72728 
   53   53    1    1     1     1     1    1    1    1  4.38447E+07 0.59825 
   54   54    1    1     1     1     1    1    1    1  6.12253E+07 0.61942 
   55   55    1    1     1     1     1    1    1    1  9.49314E+06 1.00000 
   56   56    1    1     1     1     1    1    1    1  5.40557E+07 1.00000 
   57   57    1    1     1     1     1    1    1    1  5.63697E+07 0.72233 
   58   58    1    1     1     1     1    1    1    1  8.29918E+06 1.00000 
   59   59    1    1     1     1     1    1    1    1  2.14793E+07 0.57858 
   60   60    1    1     1     1     1    1    1    1  1.78987E+07 0.61179 
   61   61    1    1     1     1     1    1    1    1  8.97376E+07 1.00000 
   62   62    1    1     1     1     1    1    1    1  7.03726E+07 0.45846 
   63   63    1    1     1     1     1    1    1    1  8.46727E+07 0.33500 
   64   64    1    1     1     1     1    1    1    1  7.62930E+07 0.39824 
   65   65    1    1     1     1     1    1    1    1  3.98920E+07 0.49503 
   66   66    1    1     1     1     1    1    1    1  6.85237E+07 0.55135 
   67   67    1    1     1     1     1    1    1    1  6.68632E+07 0.58603 
   68   68    1    1     1     1     1    1    1    1  4.38556E+07 0.61377 
   69   69    1    1     1     1     1    1    1    1  1.72985E+07 0.64800 
   70   70    1    1     1     1     1    1    1    1  1.06684E+07 0.50952 
   71   71    1    1     1     1     1    1    1    1  2.14209E+07 0.45639 
   72   72    1    1     1     1     1    1    1    1  2.30259E+07 0.40925 
   73   73    1    1     1     1     1    1    1    1  6.45068E+06 0.46140 
   74   74    1    1     1     1     1    1    1    1  1.73416E+07 0.74221 
   75   75    1    1     1     1     1    1    1    1  5.54241E+07 0.41546 
   76   76    1    1     1     1     1    1    1    1  7.98382E+07 0.31970 
   77   77    1    1     1     1     1    1    1    1  4.55421E+07 0.39557 
   78   78    1    1     1     1     1    1    1    1  3.61492E+07 0.53754 
   79   79    1    1     1     1     1    1    1    1  1.34237E+08 0.38229 
   80   80    1    1     1     1     1    1    1    1  9.15932E+07 0.37253 
   81   81    1    1     1     1     1    1    1    1  4.96580E+07 0.47649 
   82   82    1    1     1     1     1    1    1    1  3.07606E+07 0.35773 
   83   83    1    1     1     1     1    1    1    1  8.52649E+07 0.33905 
   84   84    1    1     1     1     1    1    1    1  7.72921E+07 0.26690 
   85   85    1    1     1     1     1    1    1    1  1.02255E+08 0.24286 
   86   86    1    1     1     1     1    1    1    1  8.02700E+07 0.33449 
   87   87    1    1     1     1     1    1    1    1  5.05902E+07 0.35085 
   88   88    1    1     1     1     1    1    1    1  6.20232E+07 0.29066 
   89   89    1    1     1     1     1    1    1    1  1.14791E+08 0.25578 
   90   90    1    1     1     1     1    1    1    1  1.95395E+08 0.21012 
   91   91    1    1     1     1     1    1    1    1  2.70518E+08 0.18431 
   92   92    1    1     1     1     1    1    1    1  3.16836E+08 0.27341 
   93   93    1    1     1     1     1    1    1    1  3.37940E+08 0.27255 
   94   94    1    1     1     1     1    1    1    1  1.82193E+08 0.22789 
   95   95    1    1     1     1     1    1    1    1  1.25369E+08 0.16801 
   96   96    1    1     1     1     1    1    1    1  2.57817E+08 0.18717 
   97   97    1    1     1     1     1    1    1    1  3.54897E+08 0.12772 
   98   98    1    1     1     1     1    1    1    1  6.26170E+08 0.16278 
   99   99    1    1     1     1     1    1    1    1  5.11754E+08 0.15219 
  100  100    1    1     1     1     1    1    1    1  6.08781E+08 0.12505 
  101  101    1    1     1     1     1    1    1    1  6.48643E+08 0.10793 
  102  102    1    1     1     1     1    1    1    1  7.73662E+08 0.18630 
  103  103    1    1     1     1     1    1    1    1  7.22352E+08 0.11254 
  104  104    1    1     1     1     1    1    1    1  1.39615E+09 0.12141 
  105  105    1    1     1     1     1    1    1    1  1.22665E+09 0.09865 
