
DETspecTot = [
    1    1    1    1     1     1     1    1    1    1  0.00000E+00 0.00000 
    2    2    1    1     1     1     1    1    1    1  0.00000E+00 0.00000 
    3    3    1    1     1     1     1    1    1    1  0.00000E+00 0.00000 
    4    4    1    1     1     1     1    1    1    1  0.00000E+00 0.00000 
    5    5    1    1     1     1     1    1    1    1  0.00000E+00 0.00000 
    6    6    1    1     1     1     1    1    1    1  0.00000E+00 0.00000 
    7    7    1    1     1     1     1    1    1    1  0.00000E+00 0.00000 
    8    8    1    1     1     1     1    1    1    1  0.00000E+00 0.00000 
    9    9    1    1     1     1     1    1    1    1  0.00000E+00 0.00000 
   10   10    1    1     1     1     1    1    1    1  0.00000E+00 0.00000 
   11   11    1    1     1     1     1    1    1    1  0.00000E+00 0.00000 
   12   12    1    1     1     1     1    1    1    1  0.00000E+00 0.00000 
   13   13    1    1     1     1     1    1    1    1  0.00000E+00 0.00000 
   14   14    1    1     1     1     1    1    1    1  0.00000E+00 0.00000 
   15   15    1    1     1     1     1    1    1    1  0.00000E+00 0.00000 
   16   16    1    1     1     1     1    1    1    1  0.00000E+00 0.00000 
   17   17    1    1     1     1     1    1    1    1  0.00000E+00 0.00000 
   18   18    1    1     1     1     1    1    1    1  0.00000E+00 0.00000 
   19   19    1    1     1     1     1    1    1    1  8.86752E+05 1.00000 
   20   20    1    1     1     1     1    1    1    1  0.00000E+00 0.00000 
   21   21    1    1     1     1     1    1    1    1  0.00000E+00 0.00000 
   22   22    1    1     1     1     1    1    1    1  8.08101E+05 1.00000 
   23   23    1    1     1     1     1    1    1    1  0.00000E+00 0.00000 
   24   24    1    1     1     1     1    1    1    1  0.00000E+00 0.00000 
   25   25    1    1     1     1     1    1    1    1  0.00000E+00 0.00000 
   26   26    1    1     1     1     1    1    1    1  0.00000E+00 0.00000 
   27   27    1    1     1     1     1    1    1    1  0.00000E+00 0.00000 
   28   28    1    1     1     1     1    1    1    1  0.00000E+00 0.00000 
   29   29    1    1     1     1     1    1    1    1  0.00000E+00 0.00000 
   30   30    1    1     1     1     1    1    1    1  0.00000E+00 0.00000 
   31   31    1    1     1     1     1    1    1    1  0.00000E+00 0.00000 
   32   32    1    1     1     1     1    1    1    1  0.00000E+00 0.00000 
   33   33    1    1     1     1     1    1    1    1  0.00000E+00 0.00000 
   34   34    1    1     1     1     1    1    1    1  3.40172E+06 1.00000 
   35   35    1    1     1     1     1    1    1    1  0.00000E+00 0.00000 
   36   36    1    1     1     1     1    1    1    1  0.00000E+00 0.00000 
   37   37    1    1     1     1     1    1    1    1  0.00000E+00 0.00000 
   38   38    1    1     1     1     1    1    1    1  0.00000E+00 0.00000 
   39   39    1    1     1     1     1    1    1    1  8.23744E+06 1.00000 
   40   40    1    1     1     1     1    1    1    1  0.00000E+00 0.00000 
   41   41    1    1     1     1     1    1    1    1  0.00000E+00 0.00000 
   42   42    1    1     1     1     1    1    1    1  0.00000E+00 0.00000 
   43   43    1    1     1     1     1    1    1    1  1.06644E+07 1.00000 
   44   44    1    1     1     1     1    1    1    1  0.00000E+00 0.00000 
   45   45    1    1     1     1     1    1    1    1  1.18817E+07 1.00000 
   46   46    1    1     1     1     1    1    1    1  0.00000E+00 0.00000 
   47   47    1    1     1     1     1    1    1    1  5.79081E+06 1.00000 
   48   48    1    1     1     1     1    1    1    1  0.00000E+00 0.00000 
   49   49    1    1     1     1     1    1    1    1  0.00000E+00 0.00000 
   50   50    1    1     1     1     1    1    1    1  0.00000E+00 0.00000 
   51   51    1    1     1     1     1    1    1    1  0.00000E+00 0.00000 
   52   52    1    1     1     1     1    1    1    1  7.78152E+06 1.00000 
   53   53    1    1     1     1     1    1    1    1  8.76523E+06 1.00000 
   54   54    1    1     1     1     1    1    1    1  0.00000E+00 0.00000 
   55   55    1    1     1     1     1    1    1    1  8.82874E+06 1.00000 
   56   56    1    1     1     1     1    1    1    1  0.00000E+00 0.00000 
   57   57    1    1     1     1     1    1    1    1  0.00000E+00 0.00000 
   58   58    1    1     1     1     1    1    1    1  2.37711E+07 0.75630 
   59   59    1    1     1     1     1    1    1    1  0.00000E+00 0.00000 
   60   60    1    1     1     1     1    1    1    1  3.81939E+07 0.63512 
   61   61    1    1     1     1     1    1    1    1  0.00000E+00 0.00000 
   62   62    1    1     1     1     1    1    1    1  3.16571E+07 0.62208 
   63   63    1    1     1     1     1    1    1    1  5.01127E+07 0.64992 
   64   64    1    1     1     1     1    1    1    1  7.08845E+06 1.00000 
   65   65    1    1     1     1     1    1    1    1  2.73293E+07 0.54653 
   66   66    1    1     1     1     1    1    1    1  0.00000E+00 0.00000 
   67   67    1    1     1     1     1    1    1    1  0.00000E+00 0.00000 
   68   68    1    1     1     1     1    1    1    1  0.00000E+00 0.00000 
   69   69    1    1     1     1     1    1    1    1  0.00000E+00 0.00000 
   70   70    1    1     1     1     1    1    1    1  6.30289E+06 0.53860 
   71   71    1    1     1     1     1    1    1    1  1.90249E+07 0.46738 
   72   72    1    1     1     1     1    1    1    1  6.62751E+06 0.77440 
   73   73    1    1     1     1     1    1    1    1  5.79797E+06 0.63494 
   74   74    1    1     1     1     1    1    1    1  2.17229E+07 0.78363 
   75   75    1    1     1     1     1    1    1    1  3.53614E+07 0.58241 
   76   76    1    1     1     1     1    1    1    1  3.53037E+07 0.61108 
   77   77    1    1     1     1     1    1    1    1  8.65422E+06 0.51911 
   78   78    1    1     1     1     1    1    1    1  6.75877E+06 1.00000 
   79   79    1    1     1     1     1    1    1    1  2.35360E+07 0.71880 
   80   80    1    1     1     1     1    1    1    1  1.67619E+07 0.75273 
   81   81    1    1     1     1     1    1    1    1  3.40175E+07 0.66722 
   82   82    1    1     1     1     1    1    1    1  2.32483E+07 0.39994 
   83   83    1    1     1     1     1    1    1    1  3.45727E+07 0.49220 
   84   84    1    1     1     1     1    1    1    1  3.15324E+07 0.35432 
   85   85    1    1     1     1     1    1    1    1  5.66261E+07 0.34657 
   86   86    1    1     1     1     1    1    1    1  8.01469E+07 0.56991 
   87   87    1    1     1     1     1    1    1    1  2.81104E+07 0.41019 
   88   88    1    1     1     1     1    1    1    1  4.37961E+07 0.36592 
   89   89    1    1     1     1     1    1    1    1  5.64724E+07 0.27361 
   90   90    1    1     1     1     1    1    1    1  1.09346E+08 0.25061 
   91   91    1    1     1     1     1    1    1    1  1.49334E+08 0.22359 
   92   92    1    1     1     1     1    1    1    1  1.98907E+08 0.30611 
   93   93    1    1     1     1     1    1    1    1  1.18384E+08 0.37321 
   94   94    1    1     1     1     1    1    1    1  1.26527E+08 0.25869 
   95   95    1    1     1     1     1    1    1    1  6.63158E+07 0.23174 
   96   96    1    1     1     1     1    1    1    1  1.64128E+08 0.23424 
   97   97    1    1     1     1     1    1    1    1  2.00058E+08 0.18478 
   98   98    1    1     1     1     1    1    1    1  2.94511E+08 0.24771 
   99   99    1    1     1     1     1    1    1    1  1.78013E+08 0.21774 
  100  100    1    1     1     1     1    1    1    1  4.52241E+08 0.14835 
  101  101    1    1     1     1     1    1    1    1  4.45823E+08 0.16320 
  102  102    1    1     1     1     1    1    1    1  4.93062E+08 0.23543 
  103  103    1    1     1     1     1    1    1    1  3.55623E+08 0.17524 
  104  104    1    1     1     1     1    1    1    1  5.96749E+08 0.16335 
  105  105    1    1     1     1     1    1    1    1  6.73766E+08 0.12352 
