
DETspecTot = [
    1    1    1    1     1     1     1    1    1    1  0.00000E+00 0.00000 
    2    2    1    1     1     1     1    1    1    1  0.00000E+00 0.00000 
    3    3    1    1     1     1     1    1    1    1  0.00000E+00 0.00000 
    4    4    1    1     1     1     1    1    1    1  0.00000E+00 0.00000 
    5    5    1    1     1     1     1    1    1    1  0.00000E+00 0.00000 
    6    6    1    1     1     1     1    1    1    1  0.00000E+00 0.00000 
    7    7    1    1     1     1     1    1    1    1  0.00000E+00 0.00000 
    8    8    1    1     1     1     1    1    1    1  0.00000E+00 0.00000 
    9    9    1    1     1     1     1    1    1    1  0.00000E+00 0.00000 
   10   10    1    1     1     1     1    1    1    1  0.00000E+00 0.00000 
   11   11    1    1     1     1     1    1    1    1  0.00000E+00 0.00000 
   12   12    1    1     1     1     1    1    1    1  0.00000E+00 0.00000 
   13   13    1    1     1     1     1    1    1    1  0.00000E+00 0.00000 
   14   14    1    1     1     1     1    1    1    1  0.00000E+00 0.00000 
   15   15    1    1     1     1     1    1    1    1  0.00000E+00 0.00000 
   16   16    1    1     1     1     1    1    1    1  0.00000E+00 0.00000 
   17   17    1    1     1     1     1    1    1    1  0.00000E+00 0.00000 
   18   18    1    1     1     1     1    1    1    1  0.00000E+00 0.00000 
   19   19    1    1     1     1     1    1    1    1  0.00000E+00 0.00000 
   20   20    1    1     1     1     1    1    1    1  0.00000E+00 0.00000 
   21   21    1    1     1     1     1    1    1    1  0.00000E+00 0.00000 
   22   22    1    1     1     1     1    1    1    1  0.00000E+00 0.00000 
   23   23    1    1     1     1     1    1    1    1  0.00000E+00 0.00000 
   24   24    1    1     1     1     1    1    1    1  0.00000E+00 0.00000 
   25   25    1    1     1     1     1    1    1    1  0.00000E+00 0.00000 
   26   26    1    1     1     1     1    1    1    1  0.00000E+00 0.00000 
   27   27    1    1     1     1     1    1    1    1  0.00000E+00 0.00000 
   28   28    1    1     1     1     1    1    1    1  0.00000E+00 0.00000 
   29   29    1    1     1     1     1    1    1    1  0.00000E+00 0.00000 
   30   30    1    1     1     1     1    1    1    1  0.00000E+00 0.00000 
   31   31    1    1     1     1     1    1    1    1  0.00000E+00 0.00000 
   32   32    1    1     1     1     1    1    1    1  0.00000E+00 0.00000 
   33   33    1    1     1     1     1    1    1    1  0.00000E+00 0.00000 
   34   34    1    1     1     1     1    1    1    1  0.00000E+00 0.00000 
   35   35    1    1     1     1     1    1    1    1  0.00000E+00 0.00000 
   36   36    1    1     1     1     1    1    1    1  0.00000E+00 0.00000 
   37   37    1    1     1     1     1    1    1    1  0.00000E+00 0.00000 
   38   38    1    1     1     1     1    1    1    1  0.00000E+00 0.00000 
   39   39    1    1     1     1     1    1    1    1  0.00000E+00 0.00000 
   40   40    1    1     1     1     1    1    1    1  0.00000E+00 0.00000 
   41   41    1    1     1     1     1    1    1    1  0.00000E+00 0.00000 
   42   42    1    1     1     1     1    1    1    1  0.00000E+00 0.00000 
   43   43    1    1     1     1     1    1    1    1  0.00000E+00 0.00000 
   44   44    1    1     1     1     1    1    1    1  0.00000E+00 0.00000 
   45   45    1    1     1     1     1    1    1    1  0.00000E+00 0.00000 
   46   46    1    1     1     1     1    1    1    1  5.35422E+06 1.00000 
   47   47    1    1     1     1     1    1    1    1  0.00000E+00 0.00000 
   48   48    1    1     1     1     1    1    1    1  0.00000E+00 0.00000 
   49   49    1    1     1     1     1    1    1    1  0.00000E+00 0.00000 
   50   50    1    1     1     1     1    1    1    1  0.00000E+00 0.00000 
   51   51    1    1     1     1     1    1    1    1  8.67356E+06 1.00000 
   52   52    1    1     1     1     1    1    1    1  7.49857E+06 1.00000 
   53   53    1    1     1     1     1    1    1    1  3.18717E+07 1.00000 
   54   54    1    1     1     1     1    1    1    1  0.00000E+00 0.00000 
   55   55    1    1     1     1     1    1    1    1  1.67068E+07 1.00000 
   56   56    1    1     1     1     1    1    1    1  0.00000E+00 0.00000 
   57   57    1    1     1     1     1    1    1    1  0.00000E+00 0.00000 
   58   58    1    1     1     1     1    1    1    1  0.00000E+00 0.00000 
   59   59    1    1     1     1     1    1    1    1  0.00000E+00 0.00000 
   60   60    1    1     1     1     1    1    1    1  0.00000E+00 0.00000 
   61   61    1    1     1     1     1    1    1    1  0.00000E+00 0.00000 
   62   62    1    1     1     1     1    1    1    1  0.00000E+00 0.00000 
   63   63    1    1     1     1     1    1    1    1  0.00000E+00 0.00000 
   64   64    1    1     1     1     1    1    1    1  0.00000E+00 0.00000 
   65   65    1    1     1     1     1    1    1    1  4.10015E+06 0.73122 
   66   66    1    1     1     1     1    1    1    1  0.00000E+00 0.00000 
   67   67    1    1     1     1     1    1    1    1  1.64164E+07 0.74490 
   68   68    1    1     1     1     1    1    1    1  2.99773E+07 1.00000 
   69   69    1    1     1     1     1    1    1    1  0.00000E+00 0.00000 
   70   70    1    1     1     1     1    1    1    1  0.00000E+00 0.00000 
   71   71    1    1     1     1     1    1    1    1  0.00000E+00 0.00000 
   72   72    1    1     1     1     1    1    1    1  0.00000E+00 0.00000 
   73   73    1    1     1     1     1    1    1    1  0.00000E+00 0.00000 
   74   74    1    1     1     1     1    1    1    1  1.10186E+07 1.00000 
   75   75    1    1     1     1     1    1    1    1  6.61420E+06 1.00000 
   76   76    1    1     1     1     1    1    1    1  0.00000E+00 0.00000 
   77   77    1    1     1     1     1    1    1    1  1.04435E+06 1.00000 
   78   78    1    1     1     1     1    1    1    1  1.51797E+07 1.00000 
   79   79    1    1     1     1     1    1    1    1  0.00000E+00 0.00000 
   80   80    1    1     1     1     1    1    1    1  5.04726E+06 1.00000 
   81   81    1    1     1     1     1    1    1    1  8.28825E+06 1.00000 
   82   82    1    1     1     1     1    1    1    1  4.71594E+06 0.67720 
   83   83    1    1     1     1     1    1    1    1  8.66735E+06 0.70843 
   84   84    1    1     1     1     1    1    1    1  3.50099E+07 0.60205 
   85   85    1    1     1     1     1    1    1    1  1.85651E+07 0.71608 
   86   86    1    1     1     1     1    1    1    1  1.54556E+07 0.72053 
   87   87    1    1     1     1     1    1    1    1  2.52889E+07 0.45886 
   88   88    1    1     1     1     1    1    1    1  2.19363E+07 0.53145 
   89   89    1    1     1     1     1    1    1    1  4.18651E+07 0.41061 
   90   90    1    1     1     1     1    1    1    1  5.04014E+07 0.36348 
   91   91    1    1     1     1     1    1    1    1  3.74581E+07 0.40432 
   92   92    1    1     1     1     1    1    1    1  3.26523E+07 0.76380 
   93   93    1    1     1     1     1    1    1    1  4.80357E+07 0.60225 
   94   94    1    1     1     1     1    1    1    1  2.87616E+07 0.56410 
   95   95    1    1     1     1     1    1    1    1  1.52457E+07 0.41146 
   96   96    1    1     1     1     1    1    1    1  2.37000E+07 0.43783 
   97   97    1    1     1     1     1    1    1    1  9.46960E+07 0.28555 
   98   98    1    1     1     1     1    1    1    1  9.80023E+07 0.44772 
   99   99    1    1     1     1     1    1    1    1  1.33194E+08 0.29290 
  100  100    1    1     1     1     1    1    1    1  1.19260E+08 0.26506 
  101  101    1    1     1     1     1    1    1    1  1.12022E+08 0.21168 
  102  102    1    1     1     1     1    1    1    1  2.35214E+08 0.31950 
  103  103    1    1     1     1     1    1    1    1  1.44677E+08 0.30130 
  104  104    1    1     1     1     1    1    1    1  1.51748E+08 0.37513 
  105  105    1    1     1     1     1    1    1    1  1.79316E+08 0.22224 
