
ZAI = [
666
0
];

NAMES = [
'lost            '
'total           '
];

iLOST    = 1;
iTOT     = 2;

MAT_LiCl_Am241Cl3_VOLUME = [ 1.00000E+00 1.00000E+00 1.00000E+00 1.00000E+00 1.00000E+00 1.00000E+00 1.00000E+00 1.00000E+00 1.00000E+00 1.00000E+00 1.00000E+00 1.00000E+00 ];

MAT_LiCl_Am241Cl3_BURNUP = [ 0.00000E+00 5.00030E+00 1.00006E+01 2.00011E+01 3.00017E+01 4.00021E+01 5.00025E+01 6.00030E+01 7.00033E+01 8.00037E+01 9.00040E+01 1.00004E+02 ];

MAT_LiCl_Am241Cl3_ADENS = [
0.00000E+00 7.37417E-13 2.21369E-12 5.72022E-12 9.31675E-12 1.28673E-11 1.63601E-11 1.97958E-11 2.31755E-11 2.65019E-11 2.97762E-11 3.30006E-11 % lost data
3.81495E-02 3.81951E-02 3.82527E-02 3.83770E-02 3.85029E-02 3.86283E-02 3.87528E-02 3.88765E-02 3.89995E-02 3.91217E-02 3.92433E-02 3.93641E-02 % total
];

MAT_LiCl_Am241Cl3_MDENS = [
0.00000E+00 0.00000E+00 0.00000E+00 0.00000E+00 0.00000E+00 0.00000E+00 0.00000E+00 0.00000E+00 0.00000E+00 0.00000E+00 0.00000E+00 0.00000E+00 % lost data
3.31760E+00 3.31758E+00 3.31756E+00 3.31751E+00 3.31747E+00 3.31743E+00 3.31739E+00 3.31735E+00 3.31732E+00 3.31728E+00 3.31725E+00 3.31722E+00 % total
];

MAT_LiCl_Am241Cl3_A = [
0.00000E+00 0.00000E+00 0.00000E+00 0.00000E+00 0.00000E+00 0.00000E+00 0.00000E+00 0.00000E+00 0.00000E+00 0.00000E+00 0.00000E+00 0.00000E+00 % lost data
2.23498E+11 8.29447E+12 8.66899E+12 8.86361E+12 8.88794E+12 8.88596E+12 8.88035E+12 8.87150E+12 8.86073E+12 8.85121E+12 8.83948E+12 8.82929E+12 % total
];

MAT_LiCl_Am241Cl3_H = [
0.00000E+00 0.00000E+00 0.00000E+00 0.00000E+00 0.00000E+00 0.00000E+00 0.00000E+00 0.00000E+00 0.00000E+00 0.00000E+00 0.00000E+00 0.00000E+00 % lost data
2.01528E-01 2.82639E+00 3.14280E+00 3.28316E+00 3.28855E+00 3.27799E+00 3.26654E+00 3.25449E+00 3.24206E+00 3.23046E+00 3.21818E+00 3.20665E+00 % total
];

MAT_LiCl_Am241Cl3_SF = [
0.00000E+00 0.00000E+00 0.00000E+00 0.00000E+00 0.00000E+00 0.00000E+00 0.00000E+00 0.00000E+00 0.00000E+00 0.00000E+00 0.00000E+00 0.00000E+00 % lost data
9.61039E-01 5.59200E+04 7.45120E+04 8.15946E+04 8.09447E+04 7.94589E+04 7.80021E+04 7.65785E+04 7.51954E+04 7.39141E+04 7.26488E+04 7.14765E+04 % total
];

MAT_LiCl_Am241Cl3_GSRC = [
0.00000E+00 0.00000E+00 0.00000E+00 0.00000E+00 0.00000E+00 0.00000E+00 0.00000E+00 0.00000E+00 0.00000E+00 0.00000E+00 0.00000E+00 0.00000E+00 % lost data
1.51695E+11 8.16894E+12 8.23266E+12 8.29305E+12 8.31086E+12 8.32338E+12 8.33500E+12 8.34517E+12 8.35420E+12 8.36333E+12 8.37113E+12 8.37920E+12 % total
];

MAT_LiCl_Am241Cl3_ING_TOX = [
0.00000E+00 0.00000E+00 0.00000E+00 0.00000E+00 0.00000E+00 0.00000E+00 0.00000E+00 0.00000E+00 0.00000E+00 0.00000E+00 0.00000E+00 0.00000E+00 % lost data
4.46995E+04 5.91659E+04 6.37478E+04 6.72813E+04 6.91798E+04 7.07356E+04 7.21330E+04 7.33863E+04 7.45062E+04 7.55141E+04 7.63993E+04 7.71840E+04 % total
];

MAT_LiCl_Am241Cl3_INH_TOX = [
0.00000E+00 0.00000E+00 0.00000E+00 0.00000E+00 0.00000E+00 0.00000E+00 0.00000E+00 0.00000E+00 0.00000E+00 0.00000E+00 0.00000E+00 0.00000E+00 % lost data
2.14558E+07 2.69362E+07 2.90961E+07 3.07173E+07 3.15786E+07 3.22882E+07 3.29275E+07 3.35003E+07 3.40105E+07 3.44680E+07 3.48673E+07 3.52191E+07 % total
];

TOT_VOLUME = [ 1.00000E+00 1.00000E+00 1.00000E+00 1.00000E+00 1.00000E+00 1.00000E+00 1.00000E+00 1.00000E+00 1.00000E+00 1.00000E+00 1.00000E+00 1.00000E+00 ];

TOT_BURNUP = [ 0.00000E+00 5.00030E+00 1.00006E+01 2.00011E+01 3.00017E+01 4.00021E+01 5.00025E+01 6.00030E+01 7.00033E+01 8.00037E+01 9.00040E+01 1.00004E+02 ];

TOT_ADENS = [
0.00000E+00 7.37417E-13 2.21369E-12 5.72022E-12 9.31675E-12 1.28673E-11 1.63601E-11 1.97958E-11 2.31755E-11 2.65019E-11 2.97762E-11 3.30006E-11 % lost data
3.81495E-02 3.81951E-02 3.82527E-02 3.83770E-02 3.85029E-02 3.86283E-02 3.87528E-02 3.88765E-02 3.89995E-02 3.91217E-02 3.92433E-02 3.93641E-02 % total
];

TOT_MASS = [
0.00000E+00 0.00000E+00 0.00000E+00 0.00000E+00 0.00000E+00 0.00000E+00 0.00000E+00 0.00000E+00 0.00000E+00 0.00000E+00 0.00000E+00 0.00000E+00 % lost data
3.31760E+00 3.31758E+00 3.31756E+00 3.31751E+00 3.31747E+00 3.31743E+00 3.31739E+00 3.31735E+00 3.31732E+00 3.31728E+00 3.31725E+00 3.31722E+00 % total
];

TOT_A = [
0.00000E+00 0.00000E+00 0.00000E+00 0.00000E+00 0.00000E+00 0.00000E+00 0.00000E+00 0.00000E+00 0.00000E+00 0.00000E+00 0.00000E+00 0.00000E+00 % lost data
2.23498E+11 8.29447E+12 8.66899E+12 8.86361E+12 8.88794E+12 8.88596E+12 8.88035E+12 8.87150E+12 8.86073E+12 8.85121E+12 8.83948E+12 8.82929E+12 % total
];

TOT_H = [
0.00000E+00 0.00000E+00 0.00000E+00 0.00000E+00 0.00000E+00 0.00000E+00 0.00000E+00 0.00000E+00 0.00000E+00 0.00000E+00 0.00000E+00 0.00000E+00 % lost data
2.01528E-01 2.82639E+00 3.14280E+00 3.28316E+00 3.28855E+00 3.27799E+00 3.26654E+00 3.25449E+00 3.24206E+00 3.23046E+00 3.21818E+00 3.20665E+00 % total
];

TOT_SF = [
0.00000E+00 0.00000E+00 0.00000E+00 0.00000E+00 0.00000E+00 0.00000E+00 0.00000E+00 0.00000E+00 0.00000E+00 0.00000E+00 0.00000E+00 0.00000E+00 % lost data
9.61039E-01 5.59200E+04 7.45120E+04 8.15946E+04 8.09447E+04 7.94589E+04 7.80021E+04 7.65785E+04 7.51954E+04 7.39141E+04 7.26488E+04 7.14765E+04 % total
];

TOT_GSRC = [
0.00000E+00 0.00000E+00 0.00000E+00 0.00000E+00 0.00000E+00 0.00000E+00 0.00000E+00 0.00000E+00 0.00000E+00 0.00000E+00 0.00000E+00 0.00000E+00 % lost data
1.51695E+11 8.16894E+12 8.23266E+12 8.29305E+12 8.31086E+12 8.32338E+12 8.33500E+12 8.34517E+12 8.35420E+12 8.36333E+12 8.37113E+12 8.37920E+12 % total
];

TOT_ING_TOX = [
0.00000E+00 0.00000E+00 0.00000E+00 0.00000E+00 0.00000E+00 0.00000E+00 0.00000E+00 0.00000E+00 0.00000E+00 0.00000E+00 0.00000E+00 0.00000E+00 % lost data
4.46995E+04 5.91659E+04 6.37478E+04 6.72813E+04 6.91798E+04 7.07356E+04 7.21330E+04 7.33863E+04 7.45062E+04 7.55141E+04 7.63993E+04 7.71840E+04 % total
];

TOT_INH_TOX = [
0.00000E+00 0.00000E+00 0.00000E+00 0.00000E+00 0.00000E+00 0.00000E+00 0.00000E+00 0.00000E+00 0.00000E+00 0.00000E+00 0.00000E+00 0.00000E+00 % lost data
2.14558E+07 2.69362E+07 2.90961E+07 3.07173E+07 3.15786E+07 3.22882E+07 3.29275E+07 3.35003E+07 3.40105E+07 3.44680E+07 3.48673E+07 3.52191E+07 % total
];

BU = [ 0.00000E+00 5.00000E+00 1.00000E+01 2.00000E+01 3.00000E+01 4.00000E+01 5.00000E+01 6.00000E+01 7.00000E+01 8.00000E+01 9.00000E+01 1.00000E+02 ];

DAYS = [ 0.00000E+00 2.50000E+02 5.00000E+02 1.00000E+03 1.50000E+03 2.00000E+03 2.50000E+03 3.00000E+03 3.50000E+03 4.00000E+03 4.50000E+03 5.00000E+03 ];
