
ZAI = [
666
0
];

NAMES = [
'lost            '
'total           '
];

iLOST    = 1;
iTOT     = 2;

MAT_LiCl_AnCl3_UOX_VOLUME = [ 1.00000E+00 1.00000E+00 1.00000E+00 1.00000E+00 1.00000E+00 1.00000E+00 1.00000E+00 1.00000E+00 1.00000E+00 1.00000E+00 1.00000E+00 1.00000E+00 1.00000E+00 1.00000E+00 1.00000E+00 1.00000E+00 1.00000E+00 1.00000E+00 1.00000E+00 1.00000E+00 1.00000E+00 1.00000E+00 1.00000E+00 1.00000E+00 1.00000E+00 1.00000E+00 1.00000E+00 ];

MAT_LiCl_AnCl3_UOX_BURNUP = [ 0.00000E+00 5.00017E+00 1.00003E+01 2.00007E+01 3.00010E+01 4.00013E+01 5.00015E+01 6.00018E+01 7.00020E+01 8.00022E+01 9.00024E+01 1.00003E+02 1.10003E+02 1.20003E+02 1.30003E+02 1.40003E+02 1.50003E+02 1.60004E+02 1.70004E+02 1.80004E+02 1.90004E+02 2.00004E+02 2.10004E+02 2.20004E+02 2.30004E+02 2.40004E+02 2.50004E+02 ];

MAT_LiCl_AnCl3_UOX_ADENS = [
0.00000E+00 3.73359E-13 1.09836E-12 2.80858E-12 4.55696E-12 6.27885E-12 7.96866E-12 9.62684E-12 1.12546E-11 1.28532E-11 1.44237E-11 1.59674E-11 1.74852E-11 1.89779E-11 2.04461E-11 2.18905E-11 2.33118E-11 2.47106E-11 2.60873E-11 2.74422E-11 2.87759E-11 3.00888E-11 3.13812E-11 3.26536E-11 3.39058E-11 3.51383E-11 3.63515E-11 % lost data
3.82868E-02 3.83253E-02 3.83696E-02 3.84628E-02 3.85569E-02 3.86511E-02 3.87450E-02 3.88389E-02 3.89325E-02 3.90261E-02 3.91195E-02 3.92128E-02 3.93060E-02 3.93991E-02 3.94921E-02 3.95851E-02 3.96779E-02 3.97707E-02 3.98634E-02 3.99560E-02 4.00486E-02 4.01411E-02 4.02335E-02 4.03259E-02 4.04182E-02 4.05105E-02 4.06028E-02 % total
];

MAT_LiCl_AnCl3_UOX_MDENS = [
0.00000E+00 0.00000E+00 0.00000E+00 0.00000E+00 0.00000E+00 0.00000E+00 0.00000E+00 0.00000E+00 0.00000E+00 0.00000E+00 0.00000E+00 0.00000E+00 0.00000E+00 0.00000E+00 0.00000E+00 0.00000E+00 0.00000E+00 0.00000E+00 0.00000E+00 0.00000E+00 0.00000E+00 0.00000E+00 0.00000E+00 0.00000E+00 0.00000E+00 0.00000E+00 0.00000E+00 % lost data
3.31760E+00 3.31758E+00 3.31756E+00 3.31752E+00 3.31748E+00 3.31745E+00 3.31741E+00 3.31737E+00 3.31734E+00 3.31731E+00 3.31727E+00 3.31724E+00 3.31721E+00 3.31718E+00 3.31715E+00 3.31713E+00 3.31710E+00 3.31707E+00 3.31705E+00 3.31703E+00 3.31700E+00 3.31698E+00 3.31696E+00 3.31694E+00 3.31693E+00 3.31691E+00 3.31690E+00 % total
];

MAT_LiCl_AnCl3_UOX_A = [
0.00000E+00 0.00000E+00 0.00000E+00 0.00000E+00 0.00000E+00 0.00000E+00 0.00000E+00 0.00000E+00 0.00000E+00 0.00000E+00 0.00000E+00 0.00000E+00 0.00000E+00 0.00000E+00 0.00000E+00 0.00000E+00 0.00000E+00 0.00000E+00 0.00000E+00 0.00000E+00 0.00000E+00 0.00000E+00 0.00000E+00 0.00000E+00 0.00000E+00 0.00000E+00 0.00000E+00 % lost data
1.64710E+11 8.08293E+12 8.29029E+12 8.40371E+12 8.41848E+12 8.41615E+12 8.41070E+12 8.40261E+12 8.39439E+12 8.38570E+12 8.37696E+12 8.36867E+12 8.36042E+12 8.35183E+12 8.34334E+12 8.33481E+12 8.32686E+12 8.31872E+12 8.31052E+12 8.30221E+12 8.29462E+12 8.28700E+12 8.27913E+12 8.27207E+12 8.26419E+12 8.25704E+12 8.25014E+12 % total
];

MAT_LiCl_AnCl3_UOX_H = [
0.00000E+00 0.00000E+00 0.00000E+00 0.00000E+00 0.00000E+00 0.00000E+00 0.00000E+00 0.00000E+00 0.00000E+00 0.00000E+00 0.00000E+00 0.00000E+00 0.00000E+00 0.00000E+00 0.00000E+00 0.00000E+00 0.00000E+00 0.00000E+00 0.00000E+00 0.00000E+00 0.00000E+00 0.00000E+00 0.00000E+00 0.00000E+00 0.00000E+00 0.00000E+00 0.00000E+00 % lost data
1.51219E-01 2.59511E+00 2.74965E+00 2.82048E+00 2.82356E+00 2.81844E+00 2.81259E+00 2.80622E+00 2.79994E+00 2.79357E+00 2.78718E+00 2.78090E+00 2.77458E+00 2.76808E+00 2.76150E+00 2.75482E+00 2.74818E+00 2.74137E+00 2.73441E+00 2.72728E+00 2.72022E+00 2.71302E+00 2.70559E+00 2.69825E+00 2.69052E+00 2.68283E+00 2.67507E+00 % total
];

MAT_LiCl_AnCl3_UOX_SF = [
0.00000E+00 0.00000E+00 0.00000E+00 0.00000E+00 0.00000E+00 0.00000E+00 0.00000E+00 0.00000E+00 0.00000E+00 0.00000E+00 0.00000E+00 0.00000E+00 0.00000E+00 0.00000E+00 0.00000E+00 0.00000E+00 0.00000E+00 0.00000E+00 0.00000E+00 0.00000E+00 0.00000E+00 0.00000E+00 0.00000E+00 0.00000E+00 0.00000E+00 0.00000E+00 0.00000E+00 % lost data
8.46978E+04 1.13001E+05 1.23371E+05 1.29473E+05 1.31560E+05 1.32951E+05 1.34085E+05 1.34988E+05 1.35709E+05 1.36255E+05 1.36647E+05 1.36907E+05 1.37040E+05 1.37052E+05 1.36958E+05 1.36766E+05 1.36494E+05 1.36139E+05 1.35709E+05 1.35209E+05 1.34657E+05 1.34050E+05 1.33386E+05 1.32686E+05 1.31930E+05 1.31141E+05 1.30320E+05 % total
];

MAT_LiCl_AnCl3_UOX_GSRC = [
0.00000E+00 0.00000E+00 0.00000E+00 0.00000E+00 0.00000E+00 0.00000E+00 0.00000E+00 0.00000E+00 0.00000E+00 0.00000E+00 0.00000E+00 0.00000E+00 0.00000E+00 0.00000E+00 0.00000E+00 0.00000E+00 0.00000E+00 0.00000E+00 0.00000E+00 0.00000E+00 0.00000E+00 0.00000E+00 0.00000E+00 0.00000E+00 0.00000E+00 0.00000E+00 0.00000E+00 % lost data
7.73242E+10 8.95654E+12 8.98380E+12 8.99663E+12 8.98196E+12 8.96546E+12 8.94996E+12 8.93453E+12 8.92014E+12 8.90640E+12 8.89340E+12 8.88132E+12 8.86990E+12 8.85882E+12 8.84826E+12 8.83817E+12 8.82881E+12 8.81970E+12 8.81089E+12 8.80234E+12 8.79452E+12 8.78690E+12 8.77937E+12 8.77254E+12 8.76541E+12 8.75892E+12 8.75272E+12 % total
];

MAT_LiCl_AnCl3_UOX_ING_TOX = [
0.00000E+00 0.00000E+00 0.00000E+00 0.00000E+00 0.00000E+00 0.00000E+00 0.00000E+00 0.00000E+00 0.00000E+00 0.00000E+00 0.00000E+00 0.00000E+00 0.00000E+00 0.00000E+00 0.00000E+00 0.00000E+00 0.00000E+00 0.00000E+00 0.00000E+00 0.00000E+00 0.00000E+00 0.00000E+00 0.00000E+00 0.00000E+00 0.00000E+00 0.00000E+00 0.00000E+00 % lost data
2.79303E+04 3.79847E+04 4.11890E+04 4.47340E+04 4.73398E+04 4.96548E+04 5.17824E+04 5.37375E+04 5.55384E+04 5.71923E+04 5.87083E+04 6.00962E+04 6.13613E+04 6.25083E+04 6.35441E+04 6.44737E+04 6.53047E+04 6.60394E+04 6.66820E+04 6.72362E+04 6.77090E+04 6.81021E+04 6.84175E+04 6.86621E+04 6.88332E+04 6.89385E+04 6.89797E+04 % total
];

MAT_LiCl_AnCl3_UOX_INH_TOX = [
0.00000E+00 0.00000E+00 0.00000E+00 0.00000E+00 0.00000E+00 0.00000E+00 0.00000E+00 0.00000E+00 0.00000E+00 0.00000E+00 0.00000E+00 0.00000E+00 0.00000E+00 0.00000E+00 0.00000E+00 0.00000E+00 0.00000E+00 0.00000E+00 0.00000E+00 0.00000E+00 0.00000E+00 0.00000E+00 0.00000E+00 0.00000E+00 0.00000E+00 0.00000E+00 0.00000E+00 % lost data
1.33700E+07 1.64534E+07 1.79339E+07 1.95593E+07 2.07632E+07 2.18396E+07 2.28309E+07 2.37421E+07 2.45805E+07 2.53495E+07 2.60531E+07 2.66959E+07 2.72805E+07 2.78091E+07 2.82849E+07 2.87104E+07 2.90891E+07 2.94221E+07 2.97114E+07 2.99588E+07 3.01676E+07 3.03386E+07 3.04726E+07 3.05731E+07 3.06387E+07 3.06731E+07 3.06769E+07 % total
];

TOT_VOLUME = [ 1.00000E+00 1.00000E+00 1.00000E+00 1.00000E+00 1.00000E+00 1.00000E+00 1.00000E+00 1.00000E+00 1.00000E+00 1.00000E+00 1.00000E+00 1.00000E+00 1.00000E+00 1.00000E+00 1.00000E+00 1.00000E+00 1.00000E+00 1.00000E+00 1.00000E+00 1.00000E+00 1.00000E+00 1.00000E+00 1.00000E+00 1.00000E+00 1.00000E+00 1.00000E+00 1.00000E+00 ];

TOT_BURNUP = [ 0.00000E+00 5.00017E+00 1.00003E+01 2.00007E+01 3.00010E+01 4.00013E+01 5.00015E+01 6.00018E+01 7.00020E+01 8.00022E+01 9.00024E+01 1.00003E+02 1.10003E+02 1.20003E+02 1.30003E+02 1.40003E+02 1.50003E+02 1.60004E+02 1.70004E+02 1.80004E+02 1.90004E+02 2.00004E+02 2.10004E+02 2.20004E+02 2.30004E+02 2.40004E+02 2.50004E+02 ];

TOT_ADENS = [
0.00000E+00 3.73359E-13 1.09836E-12 2.80858E-12 4.55696E-12 6.27885E-12 7.96866E-12 9.62684E-12 1.12546E-11 1.28532E-11 1.44237E-11 1.59674E-11 1.74852E-11 1.89779E-11 2.04461E-11 2.18905E-11 2.33118E-11 2.47106E-11 2.60873E-11 2.74422E-11 2.87759E-11 3.00888E-11 3.13812E-11 3.26536E-11 3.39058E-11 3.51383E-11 3.63515E-11 % lost data
3.82868E-02 3.83253E-02 3.83696E-02 3.84628E-02 3.85569E-02 3.86511E-02 3.87450E-02 3.88389E-02 3.89325E-02 3.90261E-02 3.91195E-02 3.92128E-02 3.93060E-02 3.93991E-02 3.94921E-02 3.95851E-02 3.96779E-02 3.97707E-02 3.98634E-02 3.99560E-02 4.00486E-02 4.01411E-02 4.02335E-02 4.03259E-02 4.04182E-02 4.05105E-02 4.06028E-02 % total
];

