
DETspecTot = [
    1    1    1    1     1     1     1    1    1    1  0.00000E+00 0.00000 
    2    2    1    1     1     1     1    1    1    1  0.00000E+00 0.00000 
    3    3    1    1     1     1     1    1    1    1  0.00000E+00 0.00000 
    4    4    1    1     1     1     1    1    1    1  0.00000E+00 0.00000 
    5    5    1    1     1     1     1    1    1    1  0.00000E+00 0.00000 
    6    6    1    1     1     1     1    1    1    1  0.00000E+00 0.00000 
    7    7    1    1     1     1     1    1    1    1  0.00000E+00 0.00000 
    8    8    1    1     1     1     1    1    1    1  0.00000E+00 0.00000 
    9    9    1    1     1     1     1    1    1    1  0.00000E+00 0.00000 
   10   10    1    1     1     1     1    1    1    1  0.00000E+00 0.00000 
   11   11    1    1     1     1     1    1    1    1  0.00000E+00 0.00000 
   12   12    1    1     1     1     1    1    1    1  0.00000E+00 0.00000 
   13   13    1    1     1     1     1    1    1    1  0.00000E+00 0.00000 
   14   14    1    1     1     1     1    1    1    1  0.00000E+00 0.00000 
   15   15    1    1     1     1     1    1    1    1  0.00000E+00 0.00000 
   16   16    1    1     1     1     1    1    1    1  0.00000E+00 0.00000 
   17   17    1    1     1     1     1    1    1    1  0.00000E+00 0.00000 
   18   18    1    1     1     1     1    1    1    1  0.00000E+00 0.00000 
   19   19    1    1     1     1     1    1    1    1  0.00000E+00 0.00000 
   20   20    1    1     1     1     1    1    1    1  0.00000E+00 0.00000 
   21   21    1    1     1     1     1    1    1    1  0.00000E+00 0.00000 
   22   22    1    1     1     1     1    1    1    1  0.00000E+00 0.00000 
   23   23    1    1     1     1     1    1    1    1  0.00000E+00 0.00000 
   24   24    1    1     1     1     1    1    1    1  0.00000E+00 0.00000 
   25   25    1    1     1     1     1    1    1    1  0.00000E+00 0.00000 
   26   26    1    1     1     1     1    1    1    1  0.00000E+00 0.00000 
   27   27    1    1     1     1     1    1    1    1  0.00000E+00 0.00000 
   28   28    1    1     1     1     1    1    1    1  0.00000E+00 0.00000 
   29   29    1    1     1     1     1    1    1    1  0.00000E+00 0.00000 
   30   30    1    1     1     1     1    1    1    1  0.00000E+00 0.00000 
   31   31    1    1     1     1     1    1    1    1  0.00000E+00 0.00000 
   32   32    1    1     1     1     1    1    1    1  0.00000E+00 0.00000 
   33   33    1    1     1     1     1    1    1    1  0.00000E+00 0.00000 
   34   34    1    1     1     1     1    1    1    1  0.00000E+00 0.00000 
   35   35    1    1     1     1     1    1    1    1  0.00000E+00 0.00000 
   36   36    1    1     1     1     1    1    1    1  0.00000E+00 0.00000 
   37   37    1    1     1     1     1    1    1    1  0.00000E+00 0.00000 
   38   38    1    1     1     1     1    1    1    1  0.00000E+00 0.00000 
   39   39    1    1     1     1     1    1    1    1  0.00000E+00 0.00000 
   40   40    1    1     1     1     1    1    1    1  0.00000E+00 0.00000 
   41   41    1    1     1     1     1    1    1    1  0.00000E+00 0.00000 
   42   42    1    1     1     1     1    1    1    1  0.00000E+00 0.00000 
   43   43    1    1     1     1     1    1    1    1  0.00000E+00 0.00000 
   44   44    1    1     1     1     1    1    1    1  0.00000E+00 0.00000 
   45   45    1    1     1     1     1    1    1    1  0.00000E+00 0.00000 
   46   46    1    1     1     1     1    1    1    1  0.00000E+00 0.00000 
   47   47    1    1     1     1     1    1    1    1  0.00000E+00 0.00000 
   48   48    1    1     1     1     1    1    1    1  0.00000E+00 0.00000 
   49   49    1    1     1     1     1    1    1    1  0.00000E+00 0.00000 
   50   50    1    1     1     1     1    1    1    1  0.00000E+00 0.00000 
   51   51    1    1     1     1     1    1    1    1  0.00000E+00 0.00000 
   52   52    1    1     1     1     1    1    1    1  0.00000E+00 0.00000 
   53   53    1    1     1     1     1    1    1    1  0.00000E+00 0.00000 
   54   54    1    1     1     1     1    1    1    1  0.00000E+00 0.00000 
   55   55    1    1     1     1     1    1    1    1  0.00000E+00 0.00000 
   56   56    1    1     1     1     1    1    1    1  0.00000E+00 0.00000 
   57   57    1    1     1     1     1    1    1    1  0.00000E+00 0.00000 
   58   58    1    1     1     1     1    1    1    1  0.00000E+00 0.00000 
   59   59    1    1     1     1     1    1    1    1  0.00000E+00 0.00000 
   60   60    1    1     1     1     1    1    1    1  0.00000E+00 0.00000 
   61   61    1    1     1     1     1    1    1    1  0.00000E+00 0.00000 
   62   62    1    1     1     1     1    1    1    1  0.00000E+00 0.00000 
   63   63    1    1     1     1     1    1    1    1  0.00000E+00 0.00000 
   64   64    1    1     1     1     1    1    1    1  0.00000E+00 0.00000 
   65   65    1    1     1     1     1    1    1    1  1.14284E+07 0.78095 
   66   66    1    1     1     1     1    1    1    1  2.70528E+07 1.00000 
   67   67    1    1     1     1     1    1    1    1  5.52073E+06 1.00000 
   68   68    1    1     1     1     1    1    1    1  0.00000E+00 0.00000 
   69   69    1    1     1     1     1    1    1    1  9.11079E+06 0.70882 
   70   70    1    1     1     1     1    1    1    1  8.55846E+05 1.00000 
   71   71    1    1     1     1     1    1    1    1  0.00000E+00 0.00000 
   72   72    1    1     1     1     1    1    1    1  0.00000E+00 0.00000 
   73   73    1    1     1     1     1    1    1    1  0.00000E+00 0.00000 
   74   74    1    1     1     1     1    1    1    1  0.00000E+00 0.00000 
   75   75    1    1     1     1     1    1    1    1  0.00000E+00 0.00000 
   76   76    1    1     1     1     1    1    1    1  0.00000E+00 0.00000 
   77   77    1    1     1     1     1    1    1    1  4.62030E+06 1.00000 
   78   78    1    1     1     1     1    1    1    1  7.84910E+06 1.00000 
   79   79    1    1     1     1     1    1    1    1  7.16680E+06 0.70844 
   80   80    1    1     1     1     1    1    1    1  5.41040E+06 1.00000 
   81   81    1    1     1     1     1    1    1    1  0.00000E+00 0.00000 
   82   82    1    1     1     1     1    1    1    1  4.52558E+06 0.58347 
   83   83    1    1     1     1     1    1    1    1  0.00000E+00 0.00000 
   84   84    1    1     1     1     1    1    1    1  2.92964E+06 1.00000 
   85   85    1    1     1     1     1    1    1    1  7.27008E+06 0.70780 
   86   86    1    1     1     1     1    1    1    1  1.40503E+07 1.00000 
   87   87    1    1     1     1     1    1    1    1  7.60496E+06 0.71273 
   88   88    1    1     1     1     1    1    1    1  2.44285E+07 0.45412 
   89   89    1    1     1     1     1    1    1    1  1.43325E+07 0.47241 
   90   90    1    1     1     1     1    1    1    1  1.83838E+07 0.54628 
   91   91    1    1     1     1     1    1    1    1  3.82818E+07 0.48984 
   92   92    1    1     1     1     1    1    1    1  2.26076E+07 1.00000 
   93   93    1    1     1     1     1    1    1    1  4.21496E+07 0.80943 
   94   94    1    1     1     1     1    1    1    1  4.19716E+07 0.46662 
   95   95    1    1     1     1     1    1    1    1  1.70716E+07 0.43964 
   96   96    1    1     1     1     1    1    1    1  3.99249E+07 0.39678 
   97   97    1    1     1     1     1    1    1    1  4.92639E+07 0.31376 
   98   98    1    1     1     1     1    1    1    1  1.20793E+08 0.34807 
   99   99    1    1     1     1     1    1    1    1  7.37845E+07 0.37332 
  100  100    1    1     1     1     1    1    1    1  9.36913E+07 0.25998 
  101  101    1    1     1     1     1    1    1    1  1.38076E+08 0.23317 
  102  102    1    1     1     1     1    1    1    1  3.35521E+08 0.29344 
  103  103    1    1     1     1     1    1    1    1  2.14786E+08 0.21894 
  104  104    1    1     1     1     1    1    1    1  3.08696E+08 0.21877 
  105  105    1    1     1     1     1    1    1    1  2.57585E+08 0.22145 
