
DETspecTot = [
    1    1    1    1     1     1     1    1    1    1  0.00000E+00 0.00000 
    2    2    1    1     1     1     1    1    1    1  0.00000E+00 0.00000 
    3    3    1    1     1     1     1    1    1    1  0.00000E+00 0.00000 
    4    4    1    1     1     1     1    1    1    1  0.00000E+00 0.00000 
    5    5    1    1     1     1     1    1    1    1  0.00000E+00 0.00000 
    6    6    1    1     1     1     1    1    1    1  0.00000E+00 0.00000 
    7    7    1    1     1     1     1    1    1    1  0.00000E+00 0.00000 
    8    8    1    1     1     1     1    1    1    1  0.00000E+00 0.00000 
    9    9    1    1     1     1     1    1    1    1  0.00000E+00 0.00000 
   10   10    1    1     1     1     1    1    1    1  0.00000E+00 0.00000 
   11   11    1    1     1     1     1    1    1    1  0.00000E+00 0.00000 
   12   12    1    1     1     1     1    1    1    1  0.00000E+00 0.00000 
   13   13    1    1     1     1     1    1    1    1  0.00000E+00 0.00000 
   14   14    1    1     1     1     1    1    1    1  0.00000E+00 0.00000 
   15   15    1    1     1     1     1    1    1    1  0.00000E+00 0.00000 
   16   16    1    1     1     1     1    1    1    1  0.00000E+00 0.00000 
   17   17    1    1     1     1     1    1    1    1  0.00000E+00 0.00000 
   18   18    1    1     1     1     1    1    1    1  0.00000E+00 0.00000 
   19   19    1    1     1     1     1    1    1    1  0.00000E+00 0.00000 
   20   20    1    1     1     1     1    1    1    1  0.00000E+00 0.00000 
   21   21    1    1     1     1     1    1    1    1  0.00000E+00 0.00000 
   22   22    1    1     1     1     1    1    1    1  0.00000E+00 0.00000 
   23   23    1    1     1     1     1    1    1    1  0.00000E+00 0.00000 
   24   24    1    1     1     1     1    1    1    1  0.00000E+00 0.00000 
   25   25    1    1     1     1     1    1    1    1  0.00000E+00 0.00000 
   26   26    1    1     1     1     1    1    1    1  0.00000E+00 0.00000 
   27   27    1    1     1     1     1    1    1    1  0.00000E+00 0.00000 
   28   28    1    1     1     1     1    1    1    1  0.00000E+00 0.00000 
   29   29    1    1     1     1     1    1    1    1  0.00000E+00 0.00000 
   30   30    1    1     1     1     1    1    1    1  0.00000E+00 0.00000 
   31   31    1    1     1     1     1    1    1    1  0.00000E+00 0.00000 
   32   32    1    1     1     1     1    1    1    1  0.00000E+00 0.00000 
   33   33    1    1     1     1     1    1    1    1  0.00000E+00 0.00000 
   34   34    1    1     1     1     1    1    1    1  0.00000E+00 0.00000 
   35   35    1    1     1     1     1    1    1    1  0.00000E+00 0.00000 
   36   36    1    1     1     1     1    1    1    1  0.00000E+00 0.00000 
   37   37    1    1     1     1     1    1    1    1  0.00000E+00 0.00000 
   38   38    1    1     1     1     1    1    1    1  0.00000E+00 0.00000 
   39   39    1    1     1     1     1    1    1    1  0.00000E+00 0.00000 
   40   40    1    1     1     1     1    1    1    1  0.00000E+00 0.00000 
   41   41    1    1     1     1     1    1    1    1  0.00000E+00 0.00000 
   42   42    1    1     1     1     1    1    1    1  0.00000E+00 0.00000 
   43   43    1    1     1     1     1    1    1    1  0.00000E+00 0.00000 
   44   44    1    1     1     1     1    1    1    1  0.00000E+00 0.00000 
   45   45    1    1     1     1     1    1    1    1  0.00000E+00 0.00000 
   46   46    1    1     1     1     1    1    1    1  0.00000E+00 0.00000 
   47   47    1    1     1     1     1    1    1    1  0.00000E+00 0.00000 
   48   48    1    1     1     1     1    1    1    1  0.00000E+00 0.00000 
   49   49    1    1     1     1     1    1    1    1  0.00000E+00 0.00000 
   50   50    1    1     1     1     1    1    1    1  0.00000E+00 0.00000 
   51   51    1    1     1     1     1    1    1    1  0.00000E+00 0.00000 
   52   52    1    1     1     1     1    1    1    1  0.00000E+00 0.00000 
   53   53    1    1     1     1     1    1    1    1  0.00000E+00 0.00000 
   54   54    1    1     1     1     1    1    1    1  0.00000E+00 0.00000 
   55   55    1    1     1     1     1    1    1    1  0.00000E+00 0.00000 
   56   56    1    1     1     1     1    1    1    1  0.00000E+00 0.00000 
   57   57    1    1     1     1     1    1    1    1  0.00000E+00 0.00000 
   58   58    1    1     1     1     1    1    1    1  0.00000E+00 0.00000 
   59   59    1    1     1     1     1    1    1    1  0.00000E+00 0.00000 
   60   60    1    1     1     1     1    1    1    1  0.00000E+00 0.00000 
   61   61    1    1     1     1     1    1    1    1  0.00000E+00 0.00000 
   62   62    1    1     1     1     1    1    1    1  0.00000E+00 0.00000 
   63   63    1    1     1     1     1    1    1    1  0.00000E+00 0.00000 
   64   64    1    1     1     1     1    1    1    1  0.00000E+00 0.00000 
   65   65    1    1     1     1     1    1    1    1  3.51006E+06 1.00000 
   66   66    1    1     1     1     1    1    1    1  1.08654E+07 1.00000 
   67   67    1    1     1     1     1    1    1    1  1.44727E+07 1.00000 
   68   68    1    1     1     1     1    1    1    1  0.00000E+00 0.00000 
   69   69    1    1     1     1     1    1    1    1  0.00000E+00 0.00000 
   70   70    1    1     1     1     1    1    1    1  0.00000E+00 0.00000 
   71   71    1    1     1     1     1    1    1    1  4.60616E+06 1.00000 
   72   72    1    1     1     1     1    1    1    1  0.00000E+00 0.00000 
   73   73    1    1     1     1     1    1    1    1  1.09966E+05 1.00000 
   74   74    1    1     1     1     1    1    1    1  0.00000E+00 0.00000 
   75   75    1    1     1     1     1    1    1    1  3.78376E+06 1.00000 
   76   76    1    1     1     1     1    1    1    1  1.89655E+06 1.00000 
   77   77    1    1     1     1     1    1    1    1  3.76108E+06 1.00000 
   78   78    1    1     1     1     1    1    1    1  1.29661E+07 1.00000 
   79   79    1    1     1     1     1    1    1    1  5.77303E+06 1.00000 
   80   80    1    1     1     1     1    1    1    1  0.00000E+00 0.00000 
   81   81    1    1     1     1     1    1    1    1  5.25783E+06 1.00000 
   82   82    1    1     1     1     1    1    1    1  6.50310E+06 0.70845 
   83   83    1    1     1     1     1    1    1    1  2.98698E+07 0.83304 
   84   84    1    1     1     1     1    1    1    1  1.20949E+07 0.65857 
   85   85    1    1     1     1     1    1    1    1  3.06110E+07 0.52643 
   86   86    1    1     1     1     1    1    1    1  8.49058E+06 1.00000 
   87   87    1    1     1     1     1    1    1    1  1.54489E+07 0.61585 
   88   88    1    1     1     1     1    1    1    1  9.06839E+06 1.00000 
   89   89    1    1     1     1     1    1    1    1  9.38677E+06 0.55562 
   90   90    1    1     1     1     1    1    1    1  3.62334E+07 0.61579 
   91   91    1    1     1     1     1    1    1    1  9.45165E+07 0.34845 
   92   92    1    1     1     1     1    1    1    1  1.67384E+08 0.43647 
   93   93    1    1     1     1     1    1    1    1  3.63752E+07 0.74883 
   94   94    1    1     1     1     1    1    1    1  7.68117E+07 0.39098 
   95   95    1    1     1     1     1    1    1    1  5.34729E+07 0.31187 
   96   96    1    1     1     1     1    1    1    1  5.45623E+07 0.38018 
   97   97    1    1     1     1     1    1    1    1  1.04086E+08 0.29880 
   98   98    1    1     1     1     1    1    1    1  1.28767E+08 0.29206 
   99   99    1    1     1     1     1    1    1    1  8.64824E+07 0.37148 
  100  100    1    1     1     1     1    1    1    1  1.73549E+08 0.24813 
  101  101    1    1     1     1     1    1    1    1  1.85284E+08 0.23135 
  102  102    1    1     1     1     1    1    1    1  1.74159E+08 0.39859 
  103  103    1    1     1     1     1    1    1    1  2.95165E+08 0.20485 
  104  104    1    1     1     1     1    1    1    1  3.88559E+08 0.23030 
  105  105    1    1     1     1     1    1    1    1  4.80293E+08 0.13979 
