
ZAI = [
666
0
];

NAMES = [
'lost            '
'total           '
];

iLOST    = 1;
iTOT     = 2;

MAT_NaCl_UCl3_VOLUME = [ 1.00000E+00 1.00000E+00 1.00000E+00 1.00000E+00 1.00000E+00 1.00000E+00 1.00000E+00 1.00000E+00 1.00000E+00 1.00000E+00 1.00000E+00 1.00000E+00 1.00000E+00 1.00000E+00 1.00000E+00 1.00000E+00 1.00000E+00 1.00000E+00 1.00000E+00 1.00000E+00 1.00000E+00 1.00000E+00 1.00000E+00 1.00000E+00 1.00000E+00 1.00000E+00 1.00000E+00 ];

MAT_NaCl_UCl3_BURNUP = [ 0.00000E+00 0.00000E+00 0.00000E+00 0.00000E+00 0.00000E+00 0.00000E+00 0.00000E+00 0.00000E+00 0.00000E+00 0.00000E+00 0.00000E+00 0.00000E+00 0.00000E+00 0.00000E+00 0.00000E+00 0.00000E+00 0.00000E+00 0.00000E+00 0.00000E+00 0.00000E+00 0.00000E+00 0.00000E+00 0.00000E+00 0.00000E+00 0.00000E+00 0.00000E+00 0.00000E+00 ];

MAT_NaCl_UCl3_ADENS = [
0.00000E+00 1.02300E-12 2.05172E-12 4.10906E-12 6.16648E-12 8.22479E-12 1.02847E-11 1.23445E-11 1.44046E-11 1.64641E-11 1.85230E-11 2.05809E-11 2.26360E-11 2.46899E-11 2.67419E-11 2.87886E-11 3.08316E-11 3.28698E-11 3.49009E-11 3.69269E-11 3.89435E-11 4.09511E-11 4.29497E-11 4.49381E-11 4.69151E-11 4.88790E-11 5.08288E-11 % lost data
3.42523E-02 3.42657E-02 3.42792E-02 3.43060E-02 3.43328E-02 3.43595E-02 3.43862E-02 3.44128E-02 3.44393E-02 3.44658E-02 3.44922E-02 3.45186E-02 3.45448E-02 3.45710E-02 3.45972E-02 3.46233E-02 3.46493E-02 3.46752E-02 3.47010E-02 3.47268E-02 3.47526E-02 3.47782E-02 3.48038E-02 3.48293E-02 3.48548E-02 3.48802E-02 3.49056E-02 % total
];

MAT_NaCl_UCl3_MDENS = [
0.00000E+00 0.00000E+00 0.00000E+00 0.00000E+00 0.00000E+00 0.00000E+00 0.00000E+00 0.00000E+00 0.00000E+00 0.00000E+00 0.00000E+00 0.00000E+00 0.00000E+00 0.00000E+00 0.00000E+00 0.00000E+00 0.00000E+00 0.00000E+00 0.00000E+00 0.00000E+00 0.00000E+00 0.00000E+00 0.00000E+00 0.00000E+00 0.00000E+00 0.00000E+00 0.00000E+00 % lost data
3.31630E+00 3.31443E+00 3.31254E+00 3.30874E+00 3.30494E+00 3.30114E+00 3.29734E+00 3.29353E+00 3.28971E+00 3.28590E+00 3.28207E+00 3.27825E+00 3.27442E+00 3.27058E+00 3.26674E+00 3.26290E+00 3.25905E+00 3.25519E+00 3.25133E+00 3.24747E+00 3.24360E+00 3.23973E+00 3.23585E+00 3.23197E+00 3.22808E+00 3.22420E+00 3.22030E+00 % total
];

MAT_NaCl_UCl3_A = [
0.00000E+00 0.00000E+00 0.00000E+00 0.00000E+00 0.00000E+00 0.00000E+00 0.00000E+00 0.00000E+00 0.00000E+00 0.00000E+00 0.00000E+00 0.00000E+00 0.00000E+00 0.00000E+00 0.00000E+00 0.00000E+00 0.00000E+00 0.00000E+00 0.00000E+00 0.00000E+00 0.00000E+00 0.00000E+00 0.00000E+00 0.00000E+00 0.00000E+00 0.00000E+00 0.00000E+00 % lost data
4.31815E+04 6.89661E+12 7.01603E+12 7.02277E+12 7.06309E+12 7.09892E+12 7.13249E+12 7.16603E+12 7.19963E+12 7.23386E+12 7.26776E+12 7.30223E+12 7.33670E+12 7.37123E+12 7.40512E+12 7.43974E+12 7.47249E+12 7.50545E+12 7.53688E+12 7.56700E+12 7.59610E+12 7.62373E+12 7.64978E+12 7.67371E+12 7.69625E+12 7.71757E+12 7.73638E+12 % total
];

MAT_NaCl_UCl3_H = [
0.00000E+00 0.00000E+00 0.00000E+00 0.00000E+00 0.00000E+00 0.00000E+00 0.00000E+00 0.00000E+00 0.00000E+00 0.00000E+00 0.00000E+00 0.00000E+00 0.00000E+00 0.00000E+00 0.00000E+00 0.00000E+00 0.00000E+00 0.00000E+00 0.00000E+00 0.00000E+00 0.00000E+00 0.00000E+00 0.00000E+00 0.00000E+00 0.00000E+00 0.00000E+00 0.00000E+00 % lost data
3.10147E-08 2.16447E+00 2.18296E+00 2.16261E+00 2.15647E+00 2.14997E+00 2.14318E+00 2.13625E+00 2.12932E+00 2.12238E+00 2.11541E+00 2.10854E+00 2.10168E+00 2.09504E+00 2.08848E+00 2.08214E+00 2.07594E+00 2.07010E+00 2.06440E+00 2.05909E+00 2.05399E+00 2.04928E+00 2.04495E+00 2.04090E+00 2.03724E+00 2.03395E+00 2.03091E+00 % total
];

MAT_NaCl_UCl3_SF = [
0.00000E+00 0.00000E+00 0.00000E+00 0.00000E+00 0.00000E+00 0.00000E+00 0.00000E+00 0.00000E+00 0.00000E+00 0.00000E+00 0.00000E+00 0.00000E+00 0.00000E+00 0.00000E+00 0.00000E+00 0.00000E+00 0.00000E+00 0.00000E+00 0.00000E+00 0.00000E+00 0.00000E+00 0.00000E+00 0.00000E+00 0.00000E+00 0.00000E+00 0.00000E+00 0.00000E+00 % lost data
9.13196E-03 1.48466E-02 3.21531E-02 1.05251E-01 2.41189E-01 4.62440E-01 8.01993E-01 1.30534E+00 2.03067E+00 3.05088E+00 4.45164E+00 6.33582E+00 8.81968E+00 1.20327E+01 1.61184E+01 2.12409E+01 2.75484E+01 3.52289E+01 4.44499E+01 5.53762E+01 6.82137E+01 8.31134E+01 1.00241E+02 1.19738E+02 1.41780E+02 1.66533E+02 1.94052E+02 % total
];

MAT_NaCl_UCl3_GSRC = [
0.00000E+00 0.00000E+00 0.00000E+00 0.00000E+00 0.00000E+00 0.00000E+00 0.00000E+00 0.00000E+00 0.00000E+00 0.00000E+00 0.00000E+00 0.00000E+00 0.00000E+00 0.00000E+00 0.00000E+00 0.00000E+00 0.00000E+00 0.00000E+00 0.00000E+00 0.00000E+00 0.00000E+00 0.00000E+00 0.00000E+00 0.00000E+00 0.00000E+00 0.00000E+00 0.00000E+00 % lost data
3.55672E+04 9.10938E+12 9.21032E+12 9.16976E+12 9.19771E+12 9.22754E+12 9.25737E+12 9.28820E+12 9.31973E+12 9.35226E+12 9.38456E+12 9.41756E+12 9.45045E+12 9.48348E+12 9.51554E+12 9.54820E+12 9.57852E+12 9.60886E+12 9.63704E+12 9.66357E+12 9.68842E+12 9.71128E+12 9.73210E+12 9.75012E+12 9.76619E+12 9.78047E+12 9.79161E+12 % total
];

MAT_NaCl_UCl3_ING_TOX = [
0.00000E+00 0.00000E+00 0.00000E+00 0.00000E+00 0.00000E+00 0.00000E+00 0.00000E+00 0.00000E+00 0.00000E+00 0.00000E+00 0.00000E+00 0.00000E+00 0.00000E+00 0.00000E+00 0.00000E+00 0.00000E+00 0.00000E+00 0.00000E+00 0.00000E+00 0.00000E+00 0.00000E+00 0.00000E+00 0.00000E+00 0.00000E+00 0.00000E+00 0.00000E+00 0.00000E+00 % lost data
1.99609E-03 3.21094E+03 3.38873E+03 3.53860E+03 3.66020E+03 3.76555E+03 3.86449E+03 3.96096E+03 4.05614E+03 4.15089E+03 4.24522E+03 4.33984E+03 4.43482E+03 4.53037E+03 4.62641E+03 4.72382E+03 4.82143E+03 4.92026E+03 5.01959E+03 5.11930E+03 5.21963E+03 5.32007E+03 5.42035E+03 5.52003E+03 5.61912E+03 5.71751E+03 5.81417E+03 % total
];

MAT_NaCl_UCl3_INH_TOX = [
0.00000E+00 0.00000E+00 0.00000E+00 0.00000E+00 0.00000E+00 0.00000E+00 0.00000E+00 0.00000E+00 0.00000E+00 0.00000E+00 0.00000E+00 0.00000E+00 0.00000E+00 0.00000E+00 0.00000E+00 0.00000E+00 0.00000E+00 0.00000E+00 0.00000E+00 0.00000E+00 0.00000E+00 0.00000E+00 0.00000E+00 0.00000E+00 0.00000E+00 0.00000E+00 0.00000E+00 % lost data
3.58682E-01 6.48970E+03 8.93742E+03 1.28238E+04 1.65796E+04 2.06537E+04 2.52827E+04 3.06416E+04 3.68807E+04 4.41477E+04 5.25741E+04 6.22935E+04 7.34230E+04 8.60657E+04 1.00306E+05 1.16226E+05 1.33843E+05 1.53192E+05 1.74249E+05 1.96958E+05 2.21266E+05 2.47065E+05 2.74229E+05 3.02592E+05 3.31999E+05 3.62282E+05 3.93217E+05 % total
];

MAT_TrashCan_VOLUME = [ 1.00000E+00 1.00000E+00 1.00000E+00 1.00000E+00 1.00000E+00 1.00000E+00 1.00000E+00 1.00000E+00 1.00000E+00 1.00000E+00 1.00000E+00 1.00000E+00 1.00000E+00 1.00000E+00 1.00000E+00 1.00000E+00 1.00000E+00 1.00000E+00 1.00000E+00 1.00000E+00 1.00000E+00 1.00000E+00 1.00000E+00 1.00000E+00 1.00000E+00 1.00000E+00 1.00000E+00 ];

MAT_TrashCan_BURNUP = [ 0.00000E+00 0.00000E+00 0.00000E+00 0.00000E+00 0.00000E+00 0.00000E+00 0.00000E+00 0.00000E+00 0.00000E+00 0.00000E+00 0.00000E+00 0.00000E+00 0.00000E+00 0.00000E+00 0.00000E+00 0.00000E+00 0.00000E+00 0.00000E+00 0.00000E+00 0.00000E+00 0.00000E+00 0.00000E+00 0.00000E+00 0.00000E+00 0.00000E+00 0.00000E+00 0.00000E+00 ];

MAT_TrashCan_ADENS = [
0.00000E+00 0.00000E+00 0.00000E+00 0.00000E+00 0.00000E+00 0.00000E+00 0.00000E+00 0.00000E+00 0.00000E+00 0.00000E+00 0.00000E+00 0.00000E+00 0.00000E+00 0.00000E+00 0.00000E+00 0.00000E+00 0.00000E+00 0.00000E+00 0.00000E+00 0.00000E+00 0.00000E+00 0.00000E+00 0.00000E+00 0.00000E+00 0.00000E+00 0.00000E+00 0.00000E+00 % lost data
1.00000E-24 8.77988E-06 1.76942E-05 3.55390E-05 5.34062E-05 7.13001E-05 8.92227E-05 1.07175E-04 1.25159E-04 1.43177E-04 1.61229E-04 1.79319E-04 1.97447E-04 2.15616E-04 2.33827E-04 2.52082E-04 2.70383E-04 2.88731E-04 3.07127E-04 3.25574E-04 3.44072E-04 3.62621E-04 3.81225E-04 3.99882E-04 4.18594E-04 4.37362E-04 4.56186E-04 % total
];

