
DETspecTot = [
    1    1    1    1     1     1     1    1    1    1  0.00000E+00 0.00000 
    2    2    1    1     1     1     1    1    1    1  0.00000E+00 0.00000 
    3    3    1    1     1     1     1    1    1    1  0.00000E+00 0.00000 
    4    4    1    1     1     1     1    1    1    1  0.00000E+00 0.00000 
    5    5    1    1     1     1     1    1    1    1  0.00000E+00 0.00000 
    6    6    1    1     1     1     1    1    1    1  0.00000E+00 0.00000 
    7    7    1    1     1     1     1    1    1    1  0.00000E+00 0.00000 
    8    8    1    1     1     1     1    1    1    1  0.00000E+00 0.00000 
    9    9    1    1     1     1     1    1    1    1  0.00000E+00 0.00000 
   10   10    1    1     1     1     1    1    1    1  0.00000E+00 0.00000 
   11   11    1    1     1     1     1    1    1    1  0.00000E+00 0.00000 
   12   12    1    1     1     1     1    1    1    1  0.00000E+00 0.00000 
   13   13    1    1     1     1     1    1    1    1  0.00000E+00 0.00000 
   14   14    1    1     1     1     1    1    1    1  0.00000E+00 0.00000 
   15   15    1    1     1     1     1    1    1    1  0.00000E+00 0.00000 
   16   16    1    1     1     1     1    1    1    1  0.00000E+00 0.00000 
   17   17    1    1     1     1     1    1    1    1  0.00000E+00 0.00000 
   18   18    1    1     1     1     1    1    1    1  0.00000E+00 0.00000 
   19   19    1    1     1     1     1    1    1    1  0.00000E+00 0.00000 
   20   20    1    1     1     1     1    1    1    1  0.00000E+00 0.00000 
   21   21    1    1     1     1     1    1    1    1  0.00000E+00 0.00000 
   22   22    1    1     1     1     1    1    1    1  0.00000E+00 0.00000 
   23   23    1    1     1     1     1    1    1    1  0.00000E+00 0.00000 
   24   24    1    1     1     1     1    1    1    1  0.00000E+00 0.00000 
   25   25    1    1     1     1     1    1    1    1  0.00000E+00 0.00000 
   26   26    1    1     1     1     1    1    1    1  0.00000E+00 0.00000 
   27   27    1    1     1     1     1    1    1    1  4.51820E+05 1.00000 
   28   28    1    1     1     1     1    1    1    1  0.00000E+00 0.00000 
   29   29    1    1     1     1     1    1    1    1  0.00000E+00 0.00000 
   30   30    1    1     1     1     1    1    1    1  9.67401E+04 1.00000 
   31   31    1    1     1     1     1    1    1    1  0.00000E+00 0.00000 
   32   32    1    1     1     1     1    1    1    1  0.00000E+00 0.00000 
   33   33    1    1     1     1     1    1    1    1  0.00000E+00 0.00000 
   34   34    1    1     1     1     1    1    1    1  0.00000E+00 0.00000 
   35   35    1    1     1     1     1    1    1    1  0.00000E+00 0.00000 
   36   36    1    1     1     1     1    1    1    1  0.00000E+00 0.00000 
   37   37    1    1     1     1     1    1    1    1  0.00000E+00 0.00000 
   38   38    1    1     1     1     1    1    1    1  0.00000E+00 0.00000 
   39   39    1    1     1     1     1    1    1    1  0.00000E+00 0.00000 
   40   40    1    1     1     1     1    1    1    1  0.00000E+00 0.00000 
   41   41    1    1     1     1     1    1    1    1  0.00000E+00 0.00000 
   42   42    1    1     1     1     1    1    1    1  0.00000E+00 0.00000 
   43   43    1    1     1     1     1    1    1    1  0.00000E+00 0.00000 
   44   44    1    1     1     1     1    1    1    1  0.00000E+00 0.00000 
   45   45    1    1     1     1     1    1    1    1  0.00000E+00 0.00000 
   46   46    1    1     1     1     1    1    1    1  0.00000E+00 0.00000 
   47   47    1    1     1     1     1    1    1    1  2.11008E+05 1.00000 
   48   48    1    1     1     1     1    1    1    1  0.00000E+00 0.00000 
   49   49    1    1     1     1     1    1    1    1  2.94031E+05 1.00000 
   50   50    1    1     1     1     1    1    1    1  0.00000E+00 0.00000 
   51   51    1    1     1     1     1    1    1    1  0.00000E+00 0.00000 
   52   52    1    1     1     1     1    1    1    1  0.00000E+00 0.00000 
   53   53    1    1     1     1     1    1    1    1  9.93496E+06 0.57720 
   54   54    1    1     1     1     1    1    1    1  4.27081E+06 0.71240 
   55   55    1    1     1     1     1    1    1    1  0.00000E+00 0.00000 
   56   56    1    1     1     1     1    1    1    1  0.00000E+00 0.00000 
   57   57    1    1     1     1     1    1    1    1  0.00000E+00 0.00000 
   58   58    1    1     1     1     1    1    1    1  2.35446E+06 1.00000 
   59   59    1    1     1     1     1    1    1    1  0.00000E+00 0.00000 
   60   60    1    1     1     1     1    1    1    1  1.22252E+06 1.00000 
   61   61    1    1     1     1     1    1    1    1  0.00000E+00 0.00000 
   62   62    1    1     1     1     1    1    1    1  6.16309E+05 0.73561 
   63   63    1    1     1     1     1    1    1    1  5.32841E+06 0.51901 
   64   64    1    1     1     1     1    1    1    1  3.62236E+06 1.00000 
   65   65    1    1     1     1     1    1    1    1  5.70812E+06 0.58121 
   66   66    1    1     1     1     1    1    1    1  9.58680E+06 0.52341 
   67   67    1    1     1     1     1    1    1    1  0.00000E+00 0.00000 
   68   68    1    1     1     1     1    1    1    1  1.74542E+07 0.70700 
   69   69    1    1     1     1     1    1    1    1  4.58725E+06 1.00000 
   70   70    1    1     1     1     1    1    1    1  3.83940E+06 0.49143 
   71   71    1    1     1     1     1    1    1    1  3.90400E+06 0.88593 
   72   72    1    1     1     1     1    1    1    1  1.34595E+07 0.50342 
   73   73    1    1     1     1     1    1    1    1  2.57504E+06 1.00000 
   74   74    1    1     1     1     1    1    1    1  7.00849E+06 0.79339 
   75   75    1    1     1     1     1    1    1    1  4.38617E+06 0.60070 
   76   76    1    1     1     1     1    1    1    1  7.07642E+06 0.60673 
   77   77    1    1     1     1     1    1    1    1  2.15241E+07 0.71556 
   78   78    1    1     1     1     1    1    1    1  1.83212E+07 0.51927 
   79   79    1    1     1     1     1    1    1    1  1.83105E+07 0.71342 
   80   80    1    1     1     1     1    1    1    1  1.26278E+07 0.45670 
   81   81    1    1     1     1     1    1    1    1  8.63400E+06 0.37916 
   82   82    1    1     1     1     1    1    1    1  4.41019E+07 0.35881 
   83   83    1    1     1     1     1    1    1    1  1.75771E+07 0.45641 
   84   84    1    1     1     1     1    1    1    1  1.40235E+07 0.38704 
   85   85    1    1     1     1     1    1    1    1  1.39031E+07 0.38899 
   86   86    1    1     1     1     1    1    1    1  4.88427E+07 0.36778 
   87   87    1    1     1     1     1    1    1    1  3.14092E+07 0.41904 
   88   88    1    1     1     1     1    1    1    1  8.29113E+07 0.39544 
   89   89    1    1     1     1     1    1    1    1  4.11218E+07 0.29700 
   90   90    1    1     1     1     1    1    1    1  4.57734E+07 0.24868 
   91   91    1    1     1     1     1    1    1    1  3.76412E+07 0.29511 
   92   92    1    1     1     1     1    1    1    1  1.27824E+08 0.29397 
   93   93    1    1     1     1     1    1    1    1  8.75547E+07 0.33951 
   94   94    1    1     1     1     1    1    1    1  9.77325E+07 0.24927 
   95   95    1    1     1     1     1    1    1    1  1.16352E+08 0.24510 
   96   96    1    1     1     1     1    1    1    1  1.09445E+08 0.22665 
   97   97    1    1     1     1     1    1    1    1  1.15165E+08 0.17167 
   98   98    1    1     1     1     1    1    1    1  1.57366E+08 0.20435 
   99   99    1    1     1     1     1    1    1    1  2.86560E+08 0.19629 
  100  100    1    1     1     1     1    1    1    1  2.52230E+08 0.14177 
  101  101    1    1     1     1     1    1    1    1  2.56544E+08 0.15261 
  102  102    1    1     1     1     1    1    1    1  2.44147E+08 0.25920 
  103  103    1    1     1     1     1    1    1    1  1.74870E+08 0.17632 
  104  104    1    1     1     1     1    1    1    1  3.42389E+08 0.19948 
  105  105    1    1     1     1     1    1    1    1  3.50445E+08 0.12895 
