
DETspecTot = [
    1    1    1    1     1     1     1    1    1    1  0.00000E+00 0.00000 
    2    2    1    1     1     1     1    1    1    1  0.00000E+00 0.00000 
    3    3    1    1     1     1     1    1    1    1  0.00000E+00 0.00000 
    4    4    1    1     1     1     1    1    1    1  0.00000E+00 0.00000 
    5    5    1    1     1     1     1    1    1    1  0.00000E+00 0.00000 
    6    6    1    1     1     1     1    1    1    1  0.00000E+00 0.00000 
    7    7    1    1     1     1     1    1    1    1  0.00000E+00 0.00000 
    8    8    1    1     1     1     1    1    1    1  0.00000E+00 0.00000 
    9    9    1    1     1     1     1    1    1    1  0.00000E+00 0.00000 
   10   10    1    1     1     1     1    1    1    1  0.00000E+00 0.00000 
   11   11    1    1     1     1     1    1    1    1  0.00000E+00 0.00000 
   12   12    1    1     1     1     1    1    1    1  0.00000E+00 0.00000 
   13   13    1    1     1     1     1    1    1    1  0.00000E+00 0.00000 
   14   14    1    1     1     1     1    1    1    1  0.00000E+00 0.00000 
   15   15    1    1     1     1     1    1    1    1  0.00000E+00 0.00000 
   16   16    1    1     1     1     1    1    1    1  0.00000E+00 0.00000 
   17   17    1    1     1     1     1    1    1    1  0.00000E+00 0.00000 
   18   18    1    1     1     1     1    1    1    1  0.00000E+00 0.00000 
   19   19    1    1     1     1     1    1    1    1  0.00000E+00 0.00000 
   20   20    1    1     1     1     1    1    1    1  0.00000E+00 0.00000 
   21   21    1    1     1     1     1    1    1    1  0.00000E+00 0.00000 
   22   22    1    1     1     1     1    1    1    1  0.00000E+00 0.00000 
   23   23    1    1     1     1     1    1    1    1  0.00000E+00 0.00000 
   24   24    1    1     1     1     1    1    1    1  0.00000E+00 0.00000 
   25   25    1    1     1     1     1    1    1    1  0.00000E+00 0.00000 
   26   26    1    1     1     1     1    1    1    1  0.00000E+00 0.00000 
   27   27    1    1     1     1     1    1    1    1  0.00000E+00 0.00000 
   28   28    1    1     1     1     1    1    1    1  0.00000E+00 0.00000 
   29   29    1    1     1     1     1    1    1    1  0.00000E+00 0.00000 
   30   30    1    1     1     1     1    1    1    1  0.00000E+00 0.00000 
   31   31    1    1     1     1     1    1    1    1  0.00000E+00 0.00000 
   32   32    1    1     1     1     1    1    1    1  0.00000E+00 0.00000 
   33   33    1    1     1     1     1    1    1    1  0.00000E+00 0.00000 
   34   34    1    1     1     1     1    1    1    1  0.00000E+00 0.00000 
   35   35    1    1     1     1     1    1    1    1  0.00000E+00 0.00000 
   36   36    1    1     1     1     1    1    1    1  0.00000E+00 0.00000 
   37   37    1    1     1     1     1    1    1    1  0.00000E+00 0.00000 
   38   38    1    1     1     1     1    1    1    1  0.00000E+00 0.00000 
   39   39    1    1     1     1     1    1    1    1  0.00000E+00 0.00000 
   40   40    1    1     1     1     1    1    1    1  0.00000E+00 0.00000 
   41   41    1    1     1     1     1    1    1    1  0.00000E+00 0.00000 
   42   42    1    1     1     1     1    1    1    1  0.00000E+00 0.00000 
   43   43    1    1     1     1     1    1    1    1  0.00000E+00 0.00000 
   44   44    1    1     1     1     1    1    1    1  0.00000E+00 0.00000 
   45   45    1    1     1     1     1    1    1    1  0.00000E+00 0.00000 
   46   46    1    1     1     1     1    1    1    1  0.00000E+00 0.00000 
   47   47    1    1     1     1     1    1    1    1  0.00000E+00 0.00000 
   48   48    1    1     1     1     1    1    1    1  0.00000E+00 0.00000 
   49   49    1    1     1     1     1    1    1    1  0.00000E+00 0.00000 
   50   50    1    1     1     1     1    1    1    1  0.00000E+00 0.00000 
   51   51    1    1     1     1     1    1    1    1  0.00000E+00 0.00000 
   52   52    1    1     1     1     1    1    1    1  0.00000E+00 0.00000 
   53   53    1    1     1     1     1    1    1    1  0.00000E+00 0.00000 
   54   54    1    1     1     1     1    1    1    1  0.00000E+00 0.00000 
   55   55    1    1     1     1     1    1    1    1  0.00000E+00 0.00000 
   56   56    1    1     1     1     1    1    1    1  0.00000E+00 0.00000 
   57   57    1    1     1     1     1    1    1    1  0.00000E+00 0.00000 
   58   58    1    1     1     1     1    1    1    1  0.00000E+00 0.00000 
   59   59    1    1     1     1     1    1    1    1  0.00000E+00 0.00000 
   60   60    1    1     1     1     1    1    1    1  0.00000E+00 0.00000 
   61   61    1    1     1     1     1    1    1    1  0.00000E+00 0.00000 
   62   62    1    1     1     1     1    1    1    1  0.00000E+00 0.00000 
   63   63    1    1     1     1     1    1    1    1  0.00000E+00 0.00000 
   64   64    1    1     1     1     1    1    1    1  0.00000E+00 0.00000 
   65   65    1    1     1     1     1    1    1    1  8.79169E+05 1.00000 
   66   66    1    1     1     1     1    1    1    1  0.00000E+00 0.00000 
   67   67    1    1     1     1     1    1    1    1  0.00000E+00 0.00000 
   68   68    1    1     1     1     1    1    1    1  1.10314E+07 1.00000 
   69   69    1    1     1     1     1    1    1    1  7.38370E+06 0.76372 
   70   70    1    1     1     1     1    1    1    1  1.54363E+06 1.00000 
   71   71    1    1     1     1     1    1    1    1  2.90998E+06 0.70737 
   72   72    1    1     1     1     1    1    1    1  2.82783E+06 1.00000 
   73   73    1    1     1     1     1    1    1    1  7.62260E+06 0.71303 
   74   74    1    1     1     1     1    1    1    1  1.41861E+07 1.00000 
   75   75    1    1     1     1     1    1    1    1  1.49686E+06 1.00000 
   76   76    1    1     1     1     1    1    1    1  4.17965E+06 1.00000 
   77   77    1    1     1     1     1    1    1    1  7.32357E+06 0.70759 
   78   78    1    1     1     1     1    1    1    1  0.00000E+00 0.00000 
   79   79    1    1     1     1     1    1    1    1  1.13551E+07 0.64125 
   80   80    1    1     1     1     1    1    1    1  3.85742E+06 0.60014 
   81   81    1    1     1     1     1    1    1    1  1.64393E+06 0.70749 
   82   82    1    1     1     1     1    1    1    1  3.77232E+07 0.51931 
   83   83    1    1     1     1     1    1    1    1  0.00000E+00 0.00000 
   84   84    1    1     1     1     1    1    1    1  1.68395E+07 0.67559 
   85   85    1    1     1     1     1    1    1    1  1.05368E+07 0.66378 
   86   86    1    1     1     1     1    1    1    1  3.89404E+06 1.00000 
   87   87    1    1     1     1     1    1    1    1  9.96500E+06 1.00000 
   88   88    1    1     1     1     1    1    1    1  1.62360E+07 0.61406 
   89   89    1    1     1     1     1    1    1    1  2.76188E+07 0.57817 
   90   90    1    1     1     1     1    1    1    1  2.36690E+07 0.37384 
   91   91    1    1     1     1     1    1    1    1  3.23670E+07 0.34449 
   92   92    1    1     1     1     1    1    1    1  2.67792E+07 0.51324 
   93   93    1    1     1     1     1    1    1    1  1.24640E+07 0.58832 
   94   94    1    1     1     1     1    1    1    1  5.16611E+07 0.37213 
   95   95    1    1     1     1     1    1    1    1  2.32970E+07 0.65672 
   96   96    1    1     1     1     1    1    1    1  4.45773E+07 0.32067 
   97   97    1    1     1     1     1    1    1    1  9.54788E+07 0.25561 
   98   98    1    1     1     1     1    1    1    1  3.37251E+07 0.38305 
   99   99    1    1     1     1     1    1    1    1  1.15923E+08 0.31016 
  100  100    1    1     1     1     1    1    1    1  1.00383E+08 0.23433 
  101  101    1    1     1     1     1    1    1    1  9.48077E+07 0.25212 
  102  102    1    1     1     1     1    1    1    1  1.12751E+08 0.35467 
  103  103    1    1     1     1     1    1    1    1  8.72927E+07 0.21879 
  104  104    1    1     1     1     1    1    1    1  1.11063E+08 0.30847 
  105  105    1    1     1     1     1    1    1    1  1.93743E+08 0.18857 
