
DETspecTot = [
    1    1    1    1     1     1     1    1    1    1  0.00000E+00 0.00000 
    2    2    1    1     1     1     1    1    1    1  0.00000E+00 0.00000 
    3    3    1    1     1     1     1    1    1    1  0.00000E+00 0.00000 
    4    4    1    1     1     1     1    1    1    1  0.00000E+00 0.00000 
    5    5    1    1     1     1     1    1    1    1  0.00000E+00 0.00000 
    6    6    1    1     1     1     1    1    1    1  0.00000E+00 0.00000 
    7    7    1    1     1     1     1    1    1    1  0.00000E+00 0.00000 
    8    8    1    1     1     1     1    1    1    1  0.00000E+00 0.00000 
    9    9    1    1     1     1     1    1    1    1  0.00000E+00 0.00000 
   10   10    1    1     1     1     1    1    1    1  0.00000E+00 0.00000 
   11   11    1    1     1     1     1    1    1    1  0.00000E+00 0.00000 
   12   12    1    1     1     1     1    1    1    1  0.00000E+00 0.00000 
   13   13    1    1     1     1     1    1    1    1  0.00000E+00 0.00000 
   14   14    1    1     1     1     1    1    1    1  0.00000E+00 0.00000 
   15   15    1    1     1     1     1    1    1    1  0.00000E+00 0.00000 
   16   16    1    1     1     1     1    1    1    1  0.00000E+00 0.00000 
   17   17    1    1     1     1     1    1    1    1  0.00000E+00 0.00000 
   18   18    1    1     1     1     1    1    1    1  0.00000E+00 0.00000 
   19   19    1    1     1     1     1    1    1    1  0.00000E+00 0.00000 
   20   20    1    1     1     1     1    1    1    1  0.00000E+00 0.00000 
   21   21    1    1     1     1     1    1    1    1  0.00000E+00 0.00000 
   22   22    1    1     1     1     1    1    1    1  0.00000E+00 0.00000 
   23   23    1    1     1     1     1    1    1    1  0.00000E+00 0.00000 
   24   24    1    1     1     1     1    1    1    1  0.00000E+00 0.00000 
   25   25    1    1     1     1     1    1    1    1  0.00000E+00 0.00000 
   26   26    1    1     1     1     1    1    1    1  0.00000E+00 0.00000 
   27   27    1    1     1     1     1    1    1    1  0.00000E+00 0.00000 
   28   28    1    1     1     1     1    1    1    1  0.00000E+00 0.00000 
   29   29    1    1     1     1     1    1    1    1  0.00000E+00 0.00000 
   30   30    1    1     1     1     1    1    1    1  0.00000E+00 0.00000 
   31   31    1    1     1     1     1    1    1    1  9.10544E+05 1.00000 
   32   32    1    1     1     1     1    1    1    1  0.00000E+00 0.00000 
   33   33    1    1     1     1     1    1    1    1  0.00000E+00 0.00000 
   34   34    1    1     1     1     1    1    1    1  0.00000E+00 0.00000 
   35   35    1    1     1     1     1    1    1    1  0.00000E+00 0.00000 
   36   36    1    1     1     1     1    1    1    1  0.00000E+00 0.00000 
   37   37    1    1     1     1     1    1    1    1  0.00000E+00 0.00000 
   38   38    1    1     1     1     1    1    1    1  0.00000E+00 0.00000 
   39   39    1    1     1     1     1    1    1    1  0.00000E+00 0.00000 
   40   40    1    1     1     1     1    1    1    1  0.00000E+00 0.00000 
   41   41    1    1     1     1     1    1    1    1  0.00000E+00 0.00000 
   42   42    1    1     1     1     1    1    1    1  0.00000E+00 0.00000 
   43   43    1    1     1     1     1    1    1    1  0.00000E+00 0.00000 
   44   44    1    1     1     1     1    1    1    1  0.00000E+00 0.00000 
   45   45    1    1     1     1     1    1    1    1  1.16670E+06 1.00000 
   46   46    1    1     1     1     1    1    1    1  0.00000E+00 0.00000 
   47   47    1    1     1     1     1    1    1    1  0.00000E+00 0.00000 
   48   48    1    1     1     1     1    1    1    1  4.93703E+05 0.70736 
   49   49    1    1     1     1     1    1    1    1  8.82821E+05 0.74162 
   50   50    1    1     1     1     1    1    1    1  0.00000E+00 0.00000 
   51   51    1    1     1     1     1    1    1    1  0.00000E+00 0.00000 
   52   52    1    1     1     1     1    1    1    1  0.00000E+00 0.00000 
   53   53    1    1     1     1     1    1    1    1  0.00000E+00 0.00000 
   54   54    1    1     1     1     1    1    1    1  1.80991E+06 1.00000 
   55   55    1    1     1     1     1    1    1    1  0.00000E+00 0.00000 
   56   56    1    1     1     1     1    1    1    1  0.00000E+00 0.00000 
   57   57    1    1     1     1     1    1    1    1  3.81419E+06 0.73073 
   58   58    1    1     1     1     1    1    1    1  1.49675E+06 1.00000 
   59   59    1    1     1     1     1    1    1    1  8.17050E+06 1.00000 
   60   60    1    1     1     1     1    1    1    1  5.48345E+06 0.70932 
   61   61    1    1     1     1     1    1    1    1  0.00000E+00 0.00000 
   62   62    1    1     1     1     1    1    1    1  5.05880E+06 0.38293 
   63   63    1    1     1     1     1    1    1    1  1.28460E+07 0.44801 
   64   64    1    1     1     1     1    1    1    1  9.01123E+06 0.58163 
   65   65    1    1     1     1     1    1    1    1  9.48252E+06 0.61548 
   66   66    1    1     1     1     1    1    1    1  1.97633E+07 0.82029 
   67   67    1    1     1     1     1    1    1    1  6.01114E+06 1.00000 
   68   68    1    1     1     1     1    1    1    1  9.01322E+06 1.00000 
   69   69    1    1     1     1     1    1    1    1  0.00000E+00 0.00000 
   70   70    1    1     1     1     1    1    1    1  8.06671E+05 1.00000 
   71   71    1    1     1     1     1    1    1    1  8.61481E+06 0.41269 
   72   72    1    1     1     1     1    1    1    1  1.11192E+07 0.58300 
   73   73    1    1     1     1     1    1    1    1  3.02905E+07 0.37903 
   74   74    1    1     1     1     1    1    1    1  7.55963E+07 0.35444 
   75   75    1    1     1     1     1    1    1    1  1.52214E+07 0.34830 
   76   76    1    1     1     1     1    1    1    1  3.43862E+06 0.58378 
   77   77    1    1     1     1     1    1    1    1  2.65994E+07 0.72733 
   78   78    1    1     1     1     1    1    1    1  1.30111E+07 0.73473 
   79   79    1    1     1     1     1    1    1    1  1.45156E+07 0.46772 
   80   80    1    1     1     1     1    1    1    1  8.55329E+06 0.62661 
   81   81    1    1     1     1     1    1    1    1  8.14330E+06 0.40953 
   82   82    1    1     1     1     1    1    1    1  4.80652E+07 0.32840 
   83   83    1    1     1     1     1    1    1    1  4.52337E+07 0.27785 
   84   84    1    1     1     1     1    1    1    1  1.98384E+07 0.36137 
   85   85    1    1     1     1     1    1    1    1  3.33366E+07 0.28497 
   86   86    1    1     1     1     1    1    1    1  4.27960E+07 0.54621 
   87   87    1    1     1     1     1    1    1    1  2.71564E+07 0.40019 
   88   88    1    1     1     1     1    1    1    1  8.22192E+07 0.31232 
   89   89    1    1     1     1     1    1    1    1  9.10645E+07 0.21785 
   90   90    1    1     1     1     1    1    1    1  5.38818E+07 0.24625 
   91   91    1    1     1     1     1    1    1    1  8.77012E+07 0.20848 
   92   92    1    1     1     1     1    1    1    1  1.57895E+08 0.25071 
   93   93    1    1     1     1     1    1    1    1  1.82178E+08 0.24081 
   94   94    1    1     1     1     1    1    1    1  1.08501E+08 0.22326 
   95   95    1    1     1     1     1    1    1    1  2.26457E+08 0.18045 
   96   96    1    1     1     1     1    1    1    1  8.22881E+07 0.25545 
   97   97    1    1     1     1     1    1    1    1  1.13166E+08 0.16223 
   98   98    1    1     1     1     1    1    1    1  1.76166E+08 0.21741 
   99   99    1    1     1     1     1    1    1    1  2.53560E+08 0.19609 
  100  100    1    1     1     1     1    1    1    1  2.45953E+08 0.14442 
  101  101    1    1     1     1     1    1    1    1  2.39507E+08 0.14891 
  102  102    1    1     1     1     1    1    1    1  4.13990E+08 0.17647 
  103  103    1    1     1     1     1    1    1    1  2.54821E+08 0.14553 
  104  104    1    1     1     1     1    1    1    1  4.32530E+08 0.18125 
  105  105    1    1     1     1     1    1    1    1  4.49813E+08 0.11559 
