
DETspecTot = [
    1    1    1    1     1     1     1    1    1    1  0.00000E+00 0.00000 
    2    2    1    1     1     1     1    1    1    1  0.00000E+00 0.00000 
    3    3    1    1     1     1     1    1    1    1  0.00000E+00 0.00000 
    4    4    1    1     1     1     1    1    1    1  0.00000E+00 0.00000 
    5    5    1    1     1     1     1    1    1    1  0.00000E+00 0.00000 
    6    6    1    1     1     1     1    1    1    1  0.00000E+00 0.00000 
    7    7    1    1     1     1     1    1    1    1  0.00000E+00 0.00000 
    8    8    1    1     1     1     1    1    1    1  0.00000E+00 0.00000 
    9    9    1    1     1     1     1    1    1    1  0.00000E+00 0.00000 
   10   10    1    1     1     1     1    1    1    1  0.00000E+00 0.00000 
   11   11    1    1     1     1     1    1    1    1  0.00000E+00 0.00000 
   12   12    1    1     1     1     1    1    1    1  0.00000E+00 0.00000 
   13   13    1    1     1     1     1    1    1    1  0.00000E+00 0.00000 
   14   14    1    1     1     1     1    1    1    1  0.00000E+00 0.00000 
   15   15    1    1     1     1     1    1    1    1  0.00000E+00 0.00000 
   16   16    1    1     1     1     1    1    1    1  0.00000E+00 0.00000 
   17   17    1    1     1     1     1    1    1    1  0.00000E+00 0.00000 
   18   18    1    1     1     1     1    1    1    1  0.00000E+00 0.00000 
   19   19    1    1     1     1     1    1    1    1  0.00000E+00 0.00000 
   20   20    1    1     1     1     1    1    1    1  0.00000E+00 0.00000 
   21   21    1    1     1     1     1    1    1    1  0.00000E+00 0.00000 
   22   22    1    1     1     1     1    1    1    1  1.22354E+05 1.00000 
   23   23    1    1     1     1     1    1    1    1  0.00000E+00 0.00000 
   24   24    1    1     1     1     1    1    1    1  0.00000E+00 0.00000 
   25   25    1    1     1     1     1    1    1    1  0.00000E+00 0.00000 
   26   26    1    1     1     1     1    1    1    1  0.00000E+00 0.00000 
   27   27    1    1     1     1     1    1    1    1  4.53159E+05 1.00000 
   28   28    1    1     1     1     1    1    1    1  2.76115E+05 1.00000 
   29   29    1    1     1     1     1    1    1    1  1.50179E+06 1.00000 
   30   30    1    1     1     1     1    1    1    1  1.09621E+05 1.00000 
   31   31    1    1     1     1     1    1    1    1  0.00000E+00 0.00000 
   32   32    1    1     1     1     1    1    1    1  0.00000E+00 0.00000 
   33   33    1    1     1     1     1    1    1    1  1.39605E+06 1.00000 
   34   34    1    1     1     1     1    1    1    1  0.00000E+00 0.00000 
   35   35    1    1     1     1     1    1    1    1  0.00000E+00 0.00000 
   36   36    1    1     1     1     1    1    1    1  3.70163E+06 0.70698 
   37   37    1    1     1     1     1    1    1    1  0.00000E+00 0.00000 
   38   38    1    1     1     1     1    1    1    1  0.00000E+00 0.00000 
   39   39    1    1     1     1     1    1    1    1  5.62339E+05 1.00000 
   40   40    1    1     1     1     1    1    1    1  0.00000E+00 0.00000 
   41   41    1    1     1     1     1    1    1    1  0.00000E+00 0.00000 
   42   42    1    1     1     1     1    1    1    1  0.00000E+00 0.00000 
   43   43    1    1     1     1     1    1    1    1  1.35760E+06 1.00000 
   44   44    1    1     1     1     1    1    1    1  0.00000E+00 0.00000 
   45   45    1    1     1     1     1    1    1    1  0.00000E+00 0.00000 
   46   46    1    1     1     1     1    1    1    1  0.00000E+00 0.00000 
   47   47    1    1     1     1     1    1    1    1  3.14471E+05 1.00000 
   48   48    1    1     1     1     1    1    1    1  3.10917E+05 1.00000 
   49   49    1    1     1     1     1    1    1    1  3.01299E+05 1.00000 
   50   50    1    1     1     1     1    1    1    1  0.00000E+00 0.00000 
   51   51    1    1     1     1     1    1    1    1  6.02808E+05 1.00000 
   52   52    1    1     1     1     1    1    1    1  2.07750E+06 1.00000 
   53   53    1    1     1     1     1    1    1    1  0.00000E+00 0.00000 
   54   54    1    1     1     1     1    1    1    1  4.27709E+06 0.70729 
   55   55    1    1     1     1     1    1    1    1  2.43626E+06 1.00000 
   56   56    1    1     1     1     1    1    1    1  0.00000E+00 0.00000 
   57   57    1    1     1     1     1    1    1    1  1.48524E+06 1.00000 
   58   58    1    1     1     1     1    1    1    1  0.00000E+00 0.00000 
   59   59    1    1     1     1     1    1    1    1  0.00000E+00 0.00000 
   60   60    1    1     1     1     1    1    1    1  1.33899E+06 1.00000 
   61   61    1    1     1     1     1    1    1    1  0.00000E+00 0.00000 
   62   62    1    1     1     1     1    1    1    1  4.13762E+05 0.72168 
   63   63    1    1     1     1     1    1    1    1  7.11941E+06 0.61703 
   64   64    1    1     1     1     1    1    1    1  1.02259E+07 0.57740 
   65   65    1    1     1     1     1    1    1    1  1.25099E+07 0.52080 
   66   66    1    1     1     1     1    1    1    1  8.32653E+06 0.66100 
   67   67    1    1     1     1     1    1    1    1  9.49450E+06 0.71726 
   68   68    1    1     1     1     1    1    1    1  2.55166E+07 0.57715 
   69   69    1    1     1     1     1    1    1    1  6.86779E+06 0.62757 
   70   70    1    1     1     1     1    1    1    1  3.55152E+06 0.53002 
   71   71    1    1     1     1     1    1    1    1  3.16771E+06 0.63396 
   72   72    1    1     1     1     1    1    1    1  1.87431E+07 0.60347 
   73   73    1    1     1     1     1    1    1    1  9.14623E+06 0.60555 
   74   74    1    1     1     1     1    1    1    1  9.03457E+06 1.00000 
   75   75    1    1     1     1     1    1    1    1  5.31095E+06 0.47506 
   76   76    1    1     1     1     1    1    1    1  1.33748E+07 0.42665 
   77   77    1    1     1     1     1    1    1    1  2.24033E+07 0.49738 
   78   78    1    1     1     1     1    1    1    1  3.26355E+07 0.39947 
   79   79    1    1     1     1     1    1    1    1  1.10929E+07 0.67121 
   80   80    1    1     1     1     1    1    1    1  1.98763E+07 0.36907 
   81   81    1    1     1     1     1    1    1    1  7.02329E+06 0.52645 
   82   82    1    1     1     1     1    1    1    1  7.73212E+07 0.33368 
   83   83    1    1     1     1     1    1    1    1  7.06325E+07 0.23806 
   84   84    1    1     1     1     1    1    1    1  4.20981E+07 0.28835 
   85   85    1    1     1     1     1    1    1    1  3.16961E+07 0.27009 
   86   86    1    1     1     1     1    1    1    1  8.48086E+07 0.35969 
   87   87    1    1     1     1     1    1    1    1  3.56722E+07 0.30677 
   88   88    1    1     1     1     1    1    1    1  7.50619E+07 0.25832 
   89   89    1    1     1     1     1    1    1    1  9.39796E+07 0.24404 
   90   90    1    1     1     1     1    1    1    1  6.06889E+07 0.21844 
   91   91    1    1     1     1     1    1    1    1  1.13642E+08 0.21457 
   92   92    1    1     1     1     1    1    1    1  1.38789E+08 0.27307 
   93   93    1    1     1     1     1    1    1    1  1.40337E+08 0.26932 
   94   94    1    1     1     1     1    1    1    1  1.09944E+08 0.19278 
   95   95    1    1     1     1     1    1    1    1  2.32477E+08 0.17790 
   96   96    1    1     1     1     1    1    1    1  1.06374E+08 0.23129 
   97   97    1    1     1     1     1    1    1    1  1.93795E+08 0.13225 
   98   98    1    1     1     1     1    1    1    1  1.44294E+08 0.20878 
   99   99    1    1     1     1     1    1    1    1  2.50509E+08 0.18717 
  100  100    1    1     1     1     1    1    1    1  2.78279E+08 0.15429 
  101  101    1    1     1     1     1    1    1    1  2.87973E+08 0.14572 
  102  102    1    1     1     1     1    1    1    1  2.59494E+08 0.23101 
  103  103    1    1     1     1     1    1    1    1  2.47442E+08 0.13723 
  104  104    1    1     1     1     1    1    1    1  2.94254E+08 0.19727 
  105  105    1    1     1     1     1    1    1    1  5.44845E+08 0.10809 
