
DETspecTot = [
    1    1    1    1     1     1     1    1    1    1  0.00000E+00 0.00000 
    2    2    1    1     1     1     1    1    1    1  0.00000E+00 0.00000 
    3    3    1    1     1     1     1    1    1    1  0.00000E+00 0.00000 
    4    4    1    1     1     1     1    1    1    1  0.00000E+00 0.00000 
    5    5    1    1     1     1     1    1    1    1  0.00000E+00 0.00000 
    6    6    1    1     1     1     1    1    1    1  0.00000E+00 0.00000 
    7    7    1    1     1     1     1    1    1    1  0.00000E+00 0.00000 
    8    8    1    1     1     1     1    1    1    1  0.00000E+00 0.00000 
    9    9    1    1     1     1     1    1    1    1  0.00000E+00 0.00000 
   10   10    1    1     1     1     1    1    1    1  0.00000E+00 0.00000 
   11   11    1    1     1     1     1    1    1    1  0.00000E+00 0.00000 
   12   12    1    1     1     1     1    1    1    1  0.00000E+00 0.00000 
   13   13    1    1     1     1     1    1    1    1  0.00000E+00 0.00000 
   14   14    1    1     1     1     1    1    1    1  0.00000E+00 0.00000 
   15   15    1    1     1     1     1    1    1    1  0.00000E+00 0.00000 
   16   16    1    1     1     1     1    1    1    1  0.00000E+00 0.00000 
   17   17    1    1     1     1     1    1    1    1  0.00000E+00 0.00000 
   18   18    1    1     1     1     1    1    1    1  0.00000E+00 0.00000 
   19   19    1    1     1     1     1    1    1    1  3.48461E+05 1.00000 
   20   20    1    1     1     1     1    1    1    1  4.01588E+05 1.00000 
   21   21    1    1     1     1     1    1    1    1  1.55699E+05 1.00000 
   22   22    1    1     1     1     1    1    1    1  1.52118E+05 1.00000 
   23   23    1    1     1     1     1    1    1    1  0.00000E+00 0.00000 
   24   24    1    1     1     1     1    1    1    1  0.00000E+00 0.00000 
   25   25    1    1     1     1     1    1    1    1  0.00000E+00 0.00000 
   26   26    1    1     1     1     1    1    1    1  0.00000E+00 0.00000 
   27   27    1    1     1     1     1    1    1    1  5.13003E+05 1.00000 
   28   28    1    1     1     1     1    1    1    1  2.72298E+05 1.00000 
   29   29    1    1     1     1     1    1    1    1  0.00000E+00 0.00000 
   30   30    1    1     1     1     1    1    1    1  0.00000E+00 0.00000 
   31   31    1    1     1     1     1    1    1    1  0.00000E+00 0.00000 
   32   32    1    1     1     1     1    1    1    1  0.00000E+00 0.00000 
   33   33    1    1     1     1     1    1    1    1  0.00000E+00 0.00000 
   34   34    1    1     1     1     1    1    1    1  1.35872E+06 1.00000 
   35   35    1    1     1     1     1    1    1    1  5.83880E+06 1.00000 
   36   36    1    1     1     1     1    1    1    1  0.00000E+00 0.00000 
   37   37    1    1     1     1     1    1    1    1  0.00000E+00 0.00000 
   38   38    1    1     1     1     1    1    1    1  0.00000E+00 0.00000 
   39   39    1    1     1     1     1    1    1    1  0.00000E+00 0.00000 
   40   40    1    1     1     1     1    1    1    1  0.00000E+00 0.00000 
   41   41    1    1     1     1     1    1    1    1  0.00000E+00 0.00000 
   42   42    1    1     1     1     1    1    1    1  0.00000E+00 0.00000 
   43   43    1    1     1     1     1    1    1    1  0.00000E+00 0.00000 
   44   44    1    1     1     1     1    1    1    1  0.00000E+00 0.00000 
   45   45    1    1     1     1     1    1    1    1  1.23761E+06 1.00000 
   46   46    1    1     1     1     1    1    1    1  0.00000E+00 0.00000 
   47   47    1    1     1     1     1    1    1    1  5.30789E+05 0.71716 
   48   48    1    1     1     1     1    1    1    1  2.63025E+05 1.00000 
   49   49    1    1     1     1     1    1    1    1  4.14577E+05 1.00000 
   50   50    1    1     1     1     1    1    1    1  0.00000E+00 0.00000 
   51   51    1    1     1     1     1    1    1    1  0.00000E+00 0.00000 
   52   52    1    1     1     1     1    1    1    1  0.00000E+00 0.00000 
   53   53    1    1     1     1     1    1    1    1  3.55192E+06 1.00000 
   54   54    1    1     1     1     1    1    1    1  1.90557E+06 1.00000 
   55   55    1    1     1     1     1    1    1    1  5.03784E+06 0.71106 
   56   56    1    1     1     1     1    1    1    1  0.00000E+00 0.00000 
   57   57    1    1     1     1     1    1    1    1  0.00000E+00 0.00000 
   58   58    1    1     1     1     1    1    1    1  0.00000E+00 0.00000 
   59   59    1    1     1     1     1    1    1    1  0.00000E+00 0.00000 
   60   60    1    1     1     1     1    1    1    1  5.39568E+06 0.71001 
   61   61    1    1     1     1     1    1    1    1  0.00000E+00 0.00000 
   62   62    1    1     1     1     1    1    1    1  3.24138E+06 0.55063 
   63   63    1    1     1     1     1    1    1    1  4.12725E+06 0.80285 
   64   64    1    1     1     1     1    1    1    1  2.37976E+07 0.66854 
   65   65    1    1     1     1     1    1    1    1  8.79952E+06 0.71540 
   66   66    1    1     1     1     1    1    1    1  1.67544E+07 0.45812 
   67   67    1    1     1     1     1    1    1    1  1.97632E+07 0.47106 
   68   68    1    1     1     1     1    1    1    1  9.14009E+07 0.48728 
   69   69    1    1     1     1     1    1    1    1  1.36723E+07 0.60096 
   70   70    1    1     1     1     1    1    1    1  5.80660E+06 0.37502 
   71   71    1    1     1     1     1    1    1    1  8.32440E+06 0.39502 
   72   72    1    1     1     1     1    1    1    1  2.13395E+07 0.41131 
   73   73    1    1     1     1     1    1    1    1  4.63869E+07 0.39409 
   74   74    1    1     1     1     1    1    1    1  4.78776E+06 1.00000 
   75   75    1    1     1     1     1    1    1    1  1.48707E+07 0.37599 
   76   76    1    1     1     1     1    1    1    1  1.74937E+07 0.35211 
   77   77    1    1     1     1     1    1    1    1  3.46228E+07 0.61972 
   78   78    1    1     1     1     1    1    1    1  1.93488E+07 0.44824 
   79   79    1    1     1     1     1    1    1    1  2.54273E+07 0.43743 
   80   80    1    1     1     1     1    1    1    1  1.96105E+07 0.38580 
   81   81    1    1     1     1     1    1    1    1  1.34906E+07 0.36886 
   82   82    1    1     1     1     1    1    1    1  8.68428E+07 0.26696 
   83   83    1    1     1     1     1    1    1    1  7.26192E+07 0.29660 
   84   84    1    1     1     1     1    1    1    1  2.74927E+07 0.27527 
   85   85    1    1     1     1     1    1    1    1  4.18459E+07 0.31332 
   86   86    1    1     1     1     1    1    1    1  8.29715E+07 0.34524 
   87   87    1    1     1     1     1    1    1    1  5.02020E+07 0.25665 
   88   88    1    1     1     1     1    1    1    1  1.25892E+08 0.22930 
   89   89    1    1     1     1     1    1    1    1  7.61270E+07 0.24638 
   90   90    1    1     1     1     1    1    1    1  6.88183E+07 0.19770 
   91   91    1    1     1     1     1    1    1    1  1.28477E+08 0.20153 
   92   92    1    1     1     1     1    1    1    1  1.85600E+08 0.25865 
   93   93    1    1     1     1     1    1    1    1  1.59601E+08 0.25548 
   94   94    1    1     1     1     1    1    1    1  1.48470E+08 0.18713 
   95   95    1    1     1     1     1    1    1    1  2.10128E+08 0.19845 
   96   96    1    1     1     1     1    1    1    1  2.06361E+08 0.17079 
   97   97    1    1     1     1     1    1    1    1  1.31134E+08 0.15388 
   98   98    1    1     1     1     1    1    1    1  1.33253E+08 0.21661 
   99   99    1    1     1     1     1    1    1    1  1.15925E+08 0.22726 
  100  100    1    1     1     1     1    1    1    1  2.56946E+08 0.15050 
  101  101    1    1     1     1     1    1    1    1  2.60000E+08 0.13484 
  102  102    1    1     1     1     1    1    1    1  3.36465E+08 0.20910 
  103  103    1    1     1     1     1    1    1    1  2.31317E+08 0.15144 
  104  104    1    1     1     1     1    1    1    1  5.49804E+08 0.16122 
  105  105    1    1     1     1     1    1    1    1  4.49738E+08 0.12400 
