
DETspecTot = [
    1    1    1    1     1     1     1    1    1    1  0.00000E+00 0.00000 
    2    2    1    1     1     1     1    1    1    1  0.00000E+00 0.00000 
    3    3    1    1     1     1     1    1    1    1  0.00000E+00 0.00000 
    4    4    1    1     1     1     1    1    1    1  0.00000E+00 0.00000 
    5    5    1    1     1     1     1    1    1    1  0.00000E+00 0.00000 
    6    6    1    1     1     1     1    1    1    1  0.00000E+00 0.00000 
    7    7    1    1     1     1     1    1    1    1  0.00000E+00 0.00000 
    8    8    1    1     1     1     1    1    1    1  0.00000E+00 0.00000 
    9    9    1    1     1     1     1    1    1    1  0.00000E+00 0.00000 
   10   10    1    1     1     1     1    1    1    1  0.00000E+00 0.00000 
   11   11    1    1     1     1     1    1    1    1  0.00000E+00 0.00000 
   12   12    1    1     1     1     1    1    1    1  0.00000E+00 0.00000 
   13   13    1    1     1     1     1    1    1    1  0.00000E+00 0.00000 
   14   14    1    1     1     1     1    1    1    1  0.00000E+00 0.00000 
   15   15    1    1     1     1     1    1    1    1  0.00000E+00 0.00000 
   16   16    1    1     1     1     1    1    1    1  0.00000E+00 0.00000 
   17   17    1    1     1     1     1    1    1    1  0.00000E+00 0.00000 
   18   18    1    1     1     1     1    1    1    1  0.00000E+00 0.00000 
   19   19    1    1     1     1     1    1    1    1  0.00000E+00 0.00000 
   20   20    1    1     1     1     1    1    1    1  0.00000E+00 0.00000 
   21   21    1    1     1     1     1    1    1    1  2.12842E+05 1.00000 
   22   22    1    1     1     1     1    1    1    1  9.74095E+04 1.00000 
   23   23    1    1     1     1     1    1    1    1  2.18177E+05 1.00000 
   24   24    1    1     1     1     1    1    1    1  0.00000E+00 0.00000 
   25   25    1    1     1     1     1    1    1    1  0.00000E+00 0.00000 
   26   26    1    1     1     1     1    1    1    1  0.00000E+00 0.00000 
   27   27    1    1     1     1     1    1    1    1  1.81567E+05 1.00000 
   28   28    1    1     1     1     1    1    1    1  0.00000E+00 0.00000 
   29   29    1    1     1     1     1    1    1    1  0.00000E+00 0.00000 
   30   30    1    1     1     1     1    1    1    1  0.00000E+00 0.00000 
   31   31    1    1     1     1     1    1    1    1  8.26516E+05 1.00000 
   32   32    1    1     1     1     1    1    1    1  0.00000E+00 0.00000 
   33   33    1    1     1     1     1    1    1    1  0.00000E+00 0.00000 
   34   34    1    1     1     1     1    1    1    1  0.00000E+00 0.00000 
   35   35    1    1     1     1     1    1    1    1  0.00000E+00 0.00000 
   36   36    1    1     1     1     1    1    1    1  0.00000E+00 0.00000 
   37   37    1    1     1     1     1    1    1    1  0.00000E+00 0.00000 
   38   38    1    1     1     1     1    1    1    1  0.00000E+00 0.00000 
   39   39    1    1     1     1     1    1    1    1  0.00000E+00 0.00000 
   40   40    1    1     1     1     1    1    1    1  0.00000E+00 0.00000 
   41   41    1    1     1     1     1    1    1    1  0.00000E+00 0.00000 
   42   42    1    1     1     1     1    1    1    1  0.00000E+00 0.00000 
   43   43    1    1     1     1     1    1    1    1  0.00000E+00 0.00000 
   44   44    1    1     1     1     1    1    1    1  0.00000E+00 0.00000 
   45   45    1    1     1     1     1    1    1    1  1.41554E+06 1.00000 
   46   46    1    1     1     1     1    1    1    1  0.00000E+00 0.00000 
   47   47    1    1     1     1     1    1    1    1  0.00000E+00 0.00000 
   48   48    1    1     1     1     1    1    1    1  2.17069E+05 1.00000 
   49   49    1    1     1     1     1    1    1    1  3.60134E+05 1.00000 
   50   50    1    1     1     1     1    1    1    1  0.00000E+00 0.00000 
   51   51    1    1     1     1     1    1    1    1  0.00000E+00 0.00000 
   52   52    1    1     1     1     1    1    1    1  0.00000E+00 0.00000 
   53   53    1    1     1     1     1    1    1    1  0.00000E+00 0.00000 
   54   54    1    1     1     1     1    1    1    1  0.00000E+00 0.00000 
   55   55    1    1     1     1     1    1    1    1  2.71882E+06 1.00000 
   56   56    1    1     1     1     1    1    1    1  0.00000E+00 0.00000 
   57   57    1    1     1     1     1    1    1    1  0.00000E+00 0.00000 
   58   58    1    1     1     1     1    1    1    1  3.11868E+06 0.73558 
   59   59    1    1     1     1     1    1    1    1  0.00000E+00 0.00000 
   60   60    1    1     1     1     1    1    1    1  2.82172E+06 1.00000 
   61   61    1    1     1     1     1    1    1    1  0.00000E+00 0.00000 
   62   62    1    1     1     1     1    1    1    1  1.62533E+06 0.72557 
   63   63    1    1     1     1     1    1    1    1  4.52050E+06 0.79643 
   64   64    1    1     1     1     1    1    1    1  1.93381E+07 0.53328 
   65   65    1    1     1     1     1    1    1    1  1.24673E+07 0.48230 
   66   66    1    1     1     1     1    1    1    1  1.20793E+07 0.62944 
   67   67    1    1     1     1     1    1    1    1  2.55573E+07 0.48917 
   68   68    1    1     1     1     1    1    1    1  5.31871E+07 0.58416 
   69   69    1    1     1     1     1    1    1    1  8.33171E+06 0.62669 
   70   70    1    1     1     1     1    1    1    1  2.63412E+06 0.53749 
   71   71    1    1     1     1     1    1    1    1  1.17021E+06 0.73068 
   72   72    1    1     1     1     1    1    1    1  1.88191E+07 0.45329 
   73   73    1    1     1     1     1    1    1    1  2.98498E+06 0.70767 
   74   74    1    1     1     1     1    1    1    1  1.25449E+07 0.59360 
   75   75    1    1     1     1     1    1    1    1  4.44604E+06 0.49975 
   76   76    1    1     1     1     1    1    1    1  1.41834E+06 1.00000 
   77   77    1    1     1     1     1    1    1    1  1.10747E+07 0.59591 
   78   78    1    1     1     1     1    1    1    1  7.15785E+06 0.71108 
   79   79    1    1     1     1     1    1    1    1  1.31563E+07 0.45118 
   80   80    1    1     1     1     1    1    1    1  1.11316E+07 0.59292 
   81   81    1    1     1     1     1    1    1    1  7.42807E+06 0.45297 
   82   82    1    1     1     1     1    1    1    1  1.18285E+07 0.50084 
   83   83    1    1     1     1     1    1    1    1  2.29932E+07 0.44974 
   84   84    1    1     1     1     1    1    1    1  6.73804E+06 0.58726 
   85   85    1    1     1     1     1    1    1    1  2.25183E+07 0.30578 
   86   86    1    1     1     1     1    1    1    1  8.00620E+07 0.36736 
   87   87    1    1     1     1     1    1    1    1  3.82233E+07 0.40478 
   88   88    1    1     1     1     1    1    1    1  5.33234E+07 0.30999 
   89   89    1    1     1     1     1    1    1    1  3.46349E+07 0.42723 
   90   90    1    1     1     1     1    1    1    1  3.29677E+07 0.27616 
   91   91    1    1     1     1     1    1    1    1  7.60482E+07 0.24800 
   92   92    1    1     1     1     1    1    1    1  6.68047E+07 0.39881 
   93   93    1    1     1     1     1    1    1    1  7.18803E+07 0.40237 
   94   94    1    1     1     1     1    1    1    1  1.22581E+08 0.24618 
   95   95    1    1     1     1     1    1    1    1  1.55031E+08 0.21700 
   96   96    1    1     1     1     1    1    1    1  5.76978E+07 0.30163 
   97   97    1    1     1     1     1    1    1    1  1.08965E+08 0.19412 
   98   98    1    1     1     1     1    1    1    1  1.00437E+08 0.29263 
   99   99    1    1     1     1     1    1    1    1  1.51558E+08 0.24966 
  100  100    1    1     1     1     1    1    1    1  1.82232E+08 0.17676 
  101  101    1    1     1     1     1    1    1    1  1.23301E+08 0.19058 
  102  102    1    1     1     1     1    1    1    1  1.48076E+08 0.27936 
  103  103    1    1     1     1     1    1    1    1  1.33254E+08 0.17183 
  104  104    1    1     1     1     1    1    1    1  1.62780E+08 0.24351 
  105  105    1    1     1     1     1    1    1    1  3.19137E+08 0.14339 
