
DETspecTot = [
    1    1    1    1     1     1     1    1    1    1  0.00000E+00 0.00000 
    2    2    1    1     1     1     1    1    1    1  0.00000E+00 0.00000 
    3    3    1    1     1     1     1    1    1    1  0.00000E+00 0.00000 
    4    4    1    1     1     1     1    1    1    1  0.00000E+00 0.00000 
    5    5    1    1     1     1     1    1    1    1  0.00000E+00 0.00000 
    6    6    1    1     1     1     1    1    1    1  0.00000E+00 0.00000 
    7    7    1    1     1     1     1    1    1    1  0.00000E+00 0.00000 
    8    8    1    1     1     1     1    1    1    1  0.00000E+00 0.00000 
    9    9    1    1     1     1     1    1    1    1  0.00000E+00 0.00000 
   10   10    1    1     1     1     1    1    1    1  0.00000E+00 0.00000 
   11   11    1    1     1     1     1    1    1    1  0.00000E+00 0.00000 
   12   12    1    1     1     1     1    1    1    1  0.00000E+00 0.00000 
   13   13    1    1     1     1     1    1    1    1  0.00000E+00 0.00000 
   14   14    1    1     1     1     1    1    1    1  0.00000E+00 0.00000 
   15   15    1    1     1     1     1    1    1    1  0.00000E+00 0.00000 
   16   16    1    1     1     1     1    1    1    1  0.00000E+00 0.00000 
   17   17    1    1     1     1     1    1    1    1  0.00000E+00 0.00000 
   18   18    1    1     1     1     1    1    1    1  0.00000E+00 0.00000 
   19   19    1    1     1     1     1    1    1    1  0.00000E+00 0.00000 
   20   20    1    1     1     1     1    1    1    1  0.00000E+00 0.00000 
   21   21    1    1     1     1     1    1    1    1  0.00000E+00 0.00000 
   22   22    1    1     1     1     1    1    1    1  0.00000E+00 0.00000 
   23   23    1    1     1     1     1    1    1    1  0.00000E+00 0.00000 
   24   24    1    1     1     1     1    1    1    1  0.00000E+00 0.00000 
   25   25    1    1     1     1     1    1    1    1  0.00000E+00 0.00000 
   26   26    1    1     1     1     1    1    1    1  0.00000E+00 0.00000 
   27   27    1    1     1     1     1    1    1    1  0.00000E+00 0.00000 
   28   28    1    1     1     1     1    1    1    1  0.00000E+00 0.00000 
   29   29    1    1     1     1     1    1    1    1  0.00000E+00 0.00000 
   30   30    1    1     1     1     1    1    1    1  0.00000E+00 0.00000 
   31   31    1    1     1     1     1    1    1    1  1.05462E+06 1.00000 
   32   32    1    1     1     1     1    1    1    1  3.74248E+06 1.00000 
   33   33    1    1     1     1     1    1    1    1  1.32698E+06 1.00000 
   34   34    1    1     1     1     1    1    1    1  2.25278E+06 1.00000 
   35   35    1    1     1     1     1    1    1    1  0.00000E+00 0.00000 
   36   36    1    1     1     1     1    1    1    1  0.00000E+00 0.00000 
   37   37    1    1     1     1     1    1    1    1  0.00000E+00 0.00000 
   38   38    1    1     1     1     1    1    1    1  0.00000E+00 0.00000 
   39   39    1    1     1     1     1    1    1    1  0.00000E+00 0.00000 
   40   40    1    1     1     1     1    1    1    1  0.00000E+00 0.00000 
   41   41    1    1     1     1     1    1    1    1  0.00000E+00 0.00000 
   42   42    1    1     1     1     1    1    1    1  0.00000E+00 0.00000 
   43   43    1    1     1     1     1    1    1    1  0.00000E+00 0.00000 
   44   44    1    1     1     1     1    1    1    1  0.00000E+00 0.00000 
   45   45    1    1     1     1     1    1    1    1  0.00000E+00 0.00000 
   46   46    1    1     1     1     1    1    1    1  0.00000E+00 0.00000 
   47   47    1    1     1     1     1    1    1    1  0.00000E+00 0.00000 
   48   48    1    1     1     1     1    1    1    1  0.00000E+00 0.00000 
   49   49    1    1     1     1     1    1    1    1  0.00000E+00 0.00000 
   50   50    1    1     1     1     1    1    1    1  0.00000E+00 0.00000 
   51   51    1    1     1     1     1    1    1    1  0.00000E+00 0.00000 
   52   52    1    1     1     1     1    1    1    1  0.00000E+00 0.00000 
   53   53    1    1     1     1     1    1    1    1  5.43550E+06 0.70744 
   54   54    1    1     1     1     1    1    1    1  1.65473E+06 1.00000 
   55   55    1    1     1     1     1    1    1    1  0.00000E+00 0.00000 
   56   56    1    1     1     1     1    1    1    1  0.00000E+00 0.00000 
   57   57    1    1     1     1     1    1    1    1  0.00000E+00 0.00000 
   58   58    1    1     1     1     1    1    1    1  0.00000E+00 0.00000 
   59   59    1    1     1     1     1    1    1    1  5.47244E+06 1.00000 
   60   60    1    1     1     1     1    1    1    1  0.00000E+00 0.00000 
   61   61    1    1     1     1     1    1    1    1  0.00000E+00 0.00000 
   62   62    1    1     1     1     1    1    1    1  3.54538E+05 1.00000 
   63   63    1    1     1     1     1    1    1    1  3.03876E+06 1.00000 
   64   64    1    1     1     1     1    1    1    1  0.00000E+00 0.00000 
   65   65    1    1     1     1     1    1    1    1  1.18956E+06 0.79881 
   66   66    1    1     1     1     1    1    1    1  0.00000E+00 0.00000 
   67   67    1    1     1     1     1    1    1    1  1.22845E+07 0.79258 
   68   68    1    1     1     1     1    1    1    1  1.12488E+07 1.00000 
   69   69    1    1     1     1     1    1    1    1  0.00000E+00 0.00000 
   70   70    1    1     1     1     1    1    1    1  1.18605E+06 1.00000 
   71   71    1    1     1     1     1    1    1    1  2.02717E+06 1.00000 
   72   72    1    1     1     1     1    1    1    1  8.36098E+06 0.71261 
   73   73    1    1     1     1     1    1    1    1  0.00000E+00 0.00000 
   74   74    1    1     1     1     1    1    1    1  2.29275E+06 1.00000 
   75   75    1    1     1     1     1    1    1    1  0.00000E+00 0.00000 
   76   76    1    1     1     1     1    1    1    1  8.36997E+06 0.70748 
   77   77    1    1     1     1     1    1    1    1  0.00000E+00 0.00000 
   78   78    1    1     1     1     1    1    1    1  4.85298E+06 1.00000 
   79   79    1    1     1     1     1    1    1    1  0.00000E+00 0.00000 
   80   80    1    1     1     1     1    1    1    1  9.10891E+06 0.55857 
   81   81    1    1     1     1     1    1    1    1  3.51607E+06 0.50119 
   82   82    1    1     1     1     1    1    1    1  7.04428E+06 0.73149 
   83   83    1    1     1     1     1    1    1    1  2.02342E+06 0.71079 
   84   84    1    1     1     1     1    1    1    1  2.42271E+07 0.41235 
   85   85    1    1     1     1     1    1    1    1  6.87598E+06 0.69959 
   86   86    1    1     1     1     1    1    1    1  3.05240E+07 0.51447 
   87   87    1    1     1     1     1    1    1    1  4.94263E+07 0.59002 
   88   88    1    1     1     1     1    1    1    1  2.36542E+07 0.55594 
   89   89    1    1     1     1     1    1    1    1  1.56024E+07 0.53715 
   90   90    1    1     1     1     1    1    1    1  1.39546E+07 0.43083 
   91   91    1    1     1     1     1    1    1    1  1.41099E+07 0.40600 
   92   92    1    1     1     1     1    1    1    1  3.08191E+07 0.52524 
   93   93    1    1     1     1     1    1    1    1  2.27692E+07 0.64256 
   94   94    1    1     1     1     1    1    1    1  5.37757E+07 0.38824 
   95   95    1    1     1     1     1    1    1    1  1.16648E+08 0.28080 
   96   96    1    1     1     1     1    1    1    1  4.64997E+07 0.35594 
   97   97    1    1     1     1     1    1    1    1  6.00453E+07 0.28350 
   98   98    1    1     1     1     1    1    1    1  6.11707E+07 0.32274 
   99   99    1    1     1     1     1    1    1    1  5.05283E+07 0.32270 
  100  100    1    1     1     1     1    1    1    1  5.98711E+07 0.29159 
  101  101    1    1     1     1     1    1    1    1  6.30508E+07 0.26428 
  102  102    1    1     1     1     1    1    1    1  7.39049E+07 0.48045 
  103  103    1    1     1     1     1    1    1    1  5.72826E+07 0.26760 
  104  104    1    1     1     1     1    1    1    1  1.29844E+08 0.28162 
  105  105    1    1     1     1     1    1    1    1  1.51948E+08 0.19161 
