
DETspecTot = [
    1    1    1    1     1     1     1    1    1    1  0.00000E+00 0.00000 
    2    2    1    1     1     1     1    1    1    1  0.00000E+00 0.00000 
    3    3    1    1     1     1     1    1    1    1  0.00000E+00 0.00000 
    4    4    1    1     1     1     1    1    1    1  0.00000E+00 0.00000 
    5    5    1    1     1     1     1    1    1    1  0.00000E+00 0.00000 
    6    6    1    1     1     1     1    1    1    1  0.00000E+00 0.00000 
    7    7    1    1     1     1     1    1    1    1  0.00000E+00 0.00000 
    8    8    1    1     1     1     1    1    1    1  0.00000E+00 0.00000 
    9    9    1    1     1     1     1    1    1    1  0.00000E+00 0.00000 
   10   10    1    1     1     1     1    1    1    1  0.00000E+00 0.00000 
   11   11    1    1     1     1     1    1    1    1  0.00000E+00 0.00000 
   12   12    1    1     1     1     1    1    1    1  0.00000E+00 0.00000 
   13   13    1    1     1     1     1    1    1    1  0.00000E+00 0.00000 
   14   14    1    1     1     1     1    1    1    1  0.00000E+00 0.00000 
   15   15    1    1     1     1     1    1    1    1  0.00000E+00 0.00000 
   16   16    1    1     1     1     1    1    1    1  0.00000E+00 0.00000 
   17   17    1    1     1     1     1    1    1    1  0.00000E+00 0.00000 
   18   18    1    1     1     1     1    1    1    1  0.00000E+00 0.00000 
   19   19    1    1     1     1     1    1    1    1  0.00000E+00 0.00000 
   20   20    1    1     1     1     1    1    1    1  0.00000E+00 0.00000 
   21   21    1    1     1     1     1    1    1    1  0.00000E+00 0.00000 
   22   22    1    1     1     1     1    1    1    1  0.00000E+00 0.00000 
   23   23    1    1     1     1     1    1    1    1  0.00000E+00 0.00000 
   24   24    1    1     1     1     1    1    1    1  0.00000E+00 0.00000 
   25   25    1    1     1     1     1    1    1    1  0.00000E+00 0.00000 
   26   26    1    1     1     1     1    1    1    1  0.00000E+00 0.00000 
   27   27    1    1     1     1     1    1    1    1  0.00000E+00 0.00000 
   28   28    1    1     1     1     1    1    1    1  0.00000E+00 0.00000 
   29   29    1    1     1     1     1    1    1    1  0.00000E+00 0.00000 
   30   30    1    1     1     1     1    1    1    1  0.00000E+00 0.00000 
   31   31    1    1     1     1     1    1    1    1  0.00000E+00 0.00000 
   32   32    1    1     1     1     1    1    1    1  0.00000E+00 0.00000 
   33   33    1    1     1     1     1    1    1    1  0.00000E+00 0.00000 
   34   34    1    1     1     1     1    1    1    1  0.00000E+00 0.00000 
   35   35    1    1     1     1     1    1    1    1  0.00000E+00 0.00000 
   36   36    1    1     1     1     1    1    1    1  0.00000E+00 0.00000 
   37   37    1    1     1     1     1    1    1    1  0.00000E+00 0.00000 
   38   38    1    1     1     1     1    1    1    1  0.00000E+00 0.00000 
   39   39    1    1     1     1     1    1    1    1  0.00000E+00 0.00000 
   40   40    1    1     1     1     1    1    1    1  0.00000E+00 0.00000 
   41   41    1    1     1     1     1    1    1    1  0.00000E+00 0.00000 
   42   42    1    1     1     1     1    1    1    1  0.00000E+00 0.00000 
   43   43    1    1     1     1     1    1    1    1  0.00000E+00 0.00000 
   44   44    1    1     1     1     1    1    1    1  0.00000E+00 0.00000 
   45   45    1    1     1     1     1    1    1    1  0.00000E+00 0.00000 
   46   46    1    1     1     1     1    1    1    1  0.00000E+00 0.00000 
   47   47    1    1     1     1     1    1    1    1  0.00000E+00 0.00000 
   48   48    1    1     1     1     1    1    1    1  0.00000E+00 0.00000 
   49   49    1    1     1     1     1    1    1    1  3.81251E+05 1.00000 
   50   50    1    1     1     1     1    1    1    1  0.00000E+00 0.00000 
   51   51    1    1     1     1     1    1    1    1  0.00000E+00 0.00000 
   52   52    1    1     1     1     1    1    1    1  0.00000E+00 0.00000 
   53   53    1    1     1     1     1    1    1    1  0.00000E+00 0.00000 
   54   54    1    1     1     1     1    1    1    1  0.00000E+00 0.00000 
   55   55    1    1     1     1     1    1    1    1  0.00000E+00 0.00000 
   56   56    1    1     1     1     1    1    1    1  0.00000E+00 0.00000 
   57   57    1    1     1     1     1    1    1    1  0.00000E+00 0.00000 
   58   58    1    1     1     1     1    1    1    1  0.00000E+00 0.00000 
   59   59    1    1     1     1     1    1    1    1  0.00000E+00 0.00000 
   60   60    1    1     1     1     1    1    1    1  5.84246E+06 1.00000 
   61   61    1    1     1     1     1    1    1    1  0.00000E+00 0.00000 
   62   62    1    1     1     1     1    1    1    1  6.89312E+05 0.71898 
   63   63    1    1     1     1     1    1    1    1  8.30652E+06 0.70699 
   64   64    1    1     1     1     1    1    1    1  4.16875E+06 1.00000 
   65   65    1    1     1     1     1    1    1    1  3.26172E+05 1.00000 
   66   66    1    1     1     1     1    1    1    1  2.01247E+06 0.71148 
   67   67    1    1     1     1     1    1    1    1  3.38626E+06 1.00000 
   68   68    1    1     1     1     1    1    1    1  2.02492E+07 1.00000 
   69   69    1    1     1     1     1    1    1    1  3.72842E+06 1.00000 
   70   70    1    1     1     1     1    1    1    1  7.77566E+05 1.00000 
   71   71    1    1     1     1     1    1    1    1  1.59251E+06 1.00000 
   72   72    1    1     1     1     1    1    1    1  3.04502E+06 1.00000 
   73   73    1    1     1     1     1    1    1    1  2.61288E+06 1.00000 
   74   74    1    1     1     1     1    1    1    1  0.00000E+00 0.00000 
   75   75    1    1     1     1     1    1    1    1  1.38218E+06 1.00000 
   76   76    1    1     1     1     1    1    1    1  1.57713E+07 0.62324 
   77   77    1    1     1     1     1    1    1    1  1.45924E+07 0.72776 
   78   78    1    1     1     1     1    1    1    1  2.42454E+06 1.00000 
   79   79    1    1     1     1     1    1    1    1  8.59815E+06 0.65514 
   80   80    1    1     1     1     1    1    1    1  3.03562E+06 0.71465 
   81   81    1    1     1     1     1    1    1    1  1.77222E+06 0.70736 
   82   82    1    1     1     1     1    1    1    1  8.24902E+06 0.60170 
   83   83    1    1     1     1     1    1    1    1  4.44483E+07 0.51650 
   84   84    1    1     1     1     1    1    1    1  3.53190E+07 0.38719 
   85   85    1    1     1     1     1    1    1    1  1.14085E+07 0.36980 
   86   86    1    1     1     1     1    1    1    1  3.01150E+06 1.00000 
   87   87    1    1     1     1     1    1    1    1  6.00200E+06 0.61935 
   88   88    1    1     1     1     1    1    1    1  7.00856E+07 0.35293 
   89   89    1    1     1     1     1    1    1    1  2.73012E+07 0.38408 
   90   90    1    1     1     1     1    1    1    1  1.66870E+07 0.33408 
   91   91    1    1     1     1     1    1    1    1  4.00193E+07 0.37047 
   92   92    1    1     1     1     1    1    1    1  7.22439E+07 0.35727 
   93   93    1    1     1     1     1    1    1    1  3.10997E+07 0.47654 
   94   94    1    1     1     1     1    1    1    1  7.40952E+07 0.27784 
   95   95    1    1     1     1     1    1    1    1  8.07857E+07 0.33280 
   96   96    1    1     1     1     1    1    1    1  3.98626E+07 0.41765 
   97   97    1    1     1     1     1    1    1    1  7.19841E+07 0.23129 
   98   98    1    1     1     1     1    1    1    1  6.83958E+07 0.30484 
   99   99    1    1     1     1     1    1    1    1  1.08808E+08 0.30499 
  100  100    1    1     1     1     1    1    1    1  8.21700E+07 0.25938 
  101  101    1    1     1     1     1    1    1    1  1.12310E+08 0.21742 
  102  102    1    1     1     1     1    1    1    1  1.17671E+08 0.53322 
  103  103    1    1     1     1     1    1    1    1  6.33191E+07 0.24337 
  104  104    1    1     1     1     1    1    1    1  9.71378E+07 0.31296 
  105  105    1    1     1     1     1    1    1    1  1.62068E+08 0.20091 
