
DETspecTot = [
    1    1    1    1     1     1     1    1    1    1  0.00000E+00 0.00000 
    2    2    1    1     1     1     1    1    1    1  0.00000E+00 0.00000 
    3    3    1    1     1     1     1    1    1    1  0.00000E+00 0.00000 
    4    4    1    1     1     1     1    1    1    1  0.00000E+00 0.00000 
    5    5    1    1     1     1     1    1    1    1  0.00000E+00 0.00000 
    6    6    1    1     1     1     1    1    1    1  0.00000E+00 0.00000 
    7    7    1    1     1     1     1    1    1    1  5.58507E+04 1.00000 
    8    8    1    1     1     1     1    1    1    1  0.00000E+00 0.00000 
    9    9    1    1     1     1     1    1    1    1  0.00000E+00 0.00000 
   10   10    1    1     1     1     1    1    1    1  0.00000E+00 0.00000 
   11   11    1    1     1     1     1    1    1    1  0.00000E+00 0.00000 
   12   12    1    1     1     1     1    1    1    1  0.00000E+00 0.00000 
   13   13    1    1     1     1     1    1    1    1  0.00000E+00 0.00000 
   14   14    1    1     1     1     1    1    1    1  0.00000E+00 0.00000 
   15   15    1    1     1     1     1    1    1    1  0.00000E+00 0.00000 
   16   16    1    1     1     1     1    1    1    1  0.00000E+00 0.00000 
   17   17    1    1     1     1     1    1    1    1  0.00000E+00 0.00000 
   18   18    1    1     1     1     1    1    1    1  0.00000E+00 0.00000 
   19   19    1    1     1     1     1    1    1    1  3.53680E+05 1.00000 
   20   20    1    1     1     1     1    1    1    1  0.00000E+00 0.00000 
   21   21    1    1     1     1     1    1    1    1  2.51830E+05 1.00000 
   22   22    1    1     1     1     1    1    1    1  0.00000E+00 0.00000 
   23   23    1    1     1     1     1    1    1    1  0.00000E+00 0.00000 
   24   24    1    1     1     1     1    1    1    1  0.00000E+00 0.00000 
   25   25    1    1     1     1     1    1    1    1  0.00000E+00 0.00000 
   26   26    1    1     1     1     1    1    1    1  0.00000E+00 0.00000 
   27   27    1    1     1     1     1    1    1    1  4.52704E+05 1.00000 
   28   28    1    1     1     1     1    1    1    1  2.34092E+05 1.00000 
   29   29    1    1     1     1     1    1    1    1  0.00000E+00 0.00000 
   30   30    1    1     1     1     1    1    1    1  1.08941E+05 1.00000 
   31   31    1    1     1     1     1    1    1    1  0.00000E+00 0.00000 
   32   32    1    1     1     1     1    1    1    1  0.00000E+00 0.00000 
   33   33    1    1     1     1     1    1    1    1  0.00000E+00 0.00000 
   34   34    1    1     1     1     1    1    1    1  1.84945E+06 1.00000 
   35   35    1    1     1     1     1    1    1    1  0.00000E+00 0.00000 
   36   36    1    1     1     1     1    1    1    1  1.96972E+06 1.00000 
   37   37    1    1     1     1     1    1    1    1  0.00000E+00 0.00000 
   38   38    1    1     1     1     1    1    1    1  1.55588E+06 1.00000 
   39   39    1    1     1     1     1    1    1    1  0.00000E+00 0.00000 
   40   40    1    1     1     1     1    1    1    1  0.00000E+00 0.00000 
   41   41    1    1     1     1     1    1    1    1  0.00000E+00 0.00000 
   42   42    1    1     1     1     1    1    1    1  0.00000E+00 0.00000 
   43   43    1    1     1     1     1    1    1    1  0.00000E+00 0.00000 
   44   44    1    1     1     1     1    1    1    1  0.00000E+00 0.00000 
   45   45    1    1     1     1     1    1    1    1  0.00000E+00 0.00000 
   46   46    1    1     1     1     1    1    1    1  5.31355E+05 1.00000 
   47   47    1    1     1     1     1    1    1    1  0.00000E+00 0.00000 
   48   48    1    1     1     1     1    1    1    1  0.00000E+00 0.00000 
   49   49    1    1     1     1     1    1    1    1  0.00000E+00 0.00000 
   50   50    1    1     1     1     1    1    1    1  0.00000E+00 0.00000 
   51   51    1    1     1     1     1    1    1    1  0.00000E+00 0.00000 
   52   52    1    1     1     1     1    1    1    1  2.36236E+06 1.00000 
   53   53    1    1     1     1     1    1    1    1  6.47182E+06 0.70706 
   54   54    1    1     1     1     1    1    1    1  0.00000E+00 0.00000 
   55   55    1    1     1     1     1    1    1    1  7.05588E+06 0.74258 
   56   56    1    1     1     1     1    1    1    1  0.00000E+00 0.00000 
   57   57    1    1     1     1     1    1    1    1  1.32294E+06 1.00000 
   58   58    1    1     1     1     1    1    1    1  2.43391E+06 0.70705 
   59   59    1    1     1     1     1    1    1    1  0.00000E+00 0.00000 
   60   60    1    1     1     1     1    1    1    1  4.00104E+06 0.76293 
   61   61    1    1     1     1     1    1    1    1  3.75691E+07 0.70700 
   62   62    1    1     1     1     1    1    1    1  3.54117E+06 0.46680 
   63   63    1    1     1     1     1    1    1    1  5.41236E+06 0.50071 
   64   64    1    1     1     1     1    1    1    1  7.22784E+06 0.70698 
   65   65    1    1     1     1     1    1    1    1  8.43802E+06 0.40482 
   66   66    1    1     1     1     1    1    1    1  1.72201E+07 0.52333 
   67   67    1    1     1     1     1    1    1    1  2.79954E+06 1.00000 
   68   68    1    1     1     1     1    1    1    1  1.73387E+07 0.70706 
   69   69    1    1     1     1     1    1    1    1  1.14774E+07 0.61631 
   70   70    1    1     1     1     1    1    1    1  2.10497E+06 0.56814 
   71   71    1    1     1     1     1    1    1    1  2.49860E+06 0.63020 
   72   72    1    1     1     1     1    1    1    1  1.09984E+07 0.58296 
   73   73    1    1     1     1     1    1    1    1  3.40550E+07 0.43356 
   74   74    1    1     1     1     1    1    1    1  2.64334E+07 0.52093 
   75   75    1    1     1     1     1    1    1    1  8.13808E+06 0.59337 
   76   76    1    1     1     1     1    1    1    1  8.40632E+06 0.51385 
   77   77    1    1     1     1     1    1    1    1  2.73279E+07 0.51396 
   78   78    1    1     1     1     1    1    1    1  7.58226E+06 0.70771 
   79   79    1    1     1     1     1    1    1    1  2.69974E+07 0.43047 
   80   80    1    1     1     1     1    1    1    1  1.19696E+07 0.66647 
   81   81    1    1     1     1     1    1    1    1  7.57509E+06 0.41201 
   82   82    1    1     1     1     1    1    1    1  5.77095E+07 0.31495 
   83   83    1    1     1     1     1    1    1    1  6.79620E+07 0.28238 
   84   84    1    1     1     1     1    1    1    1  1.38890E+07 0.35265 
   85   85    1    1     1     1     1    1    1    1  2.27998E+07 0.39024 
   86   86    1    1     1     1     1    1    1    1  7.13973E+07 0.40680 
   87   87    1    1     1     1     1    1    1    1  4.67030E+07 0.38248 
   88   88    1    1     1     1     1    1    1    1  9.92891E+07 0.28718 
   89   89    1    1     1     1     1    1    1    1  3.75962E+07 0.38782 
   90   90    1    1     1     1     1    1    1    1  3.93659E+07 0.25210 
   91   91    1    1     1     1     1    1    1    1  9.37668E+07 0.20927 
   92   92    1    1     1     1     1    1    1    1  8.97830E+07 0.32850 
   93   93    1    1     1     1     1    1    1    1  3.87061E+07 0.47738 
   94   94    1    1     1     1     1    1    1    1  1.33935E+08 0.23012 
   95   95    1    1     1     1     1    1    1    1  7.54123E+07 0.26890 
   96   96    1    1     1     1     1    1    1    1  9.09647E+07 0.29549 
   97   97    1    1     1     1     1    1    1    1  1.00885E+08 0.16680 
   98   98    1    1     1     1     1    1    1    1  1.04044E+08 0.22629 
   99   99    1    1     1     1     1    1    1    1  1.53109E+08 0.26658 
  100  100    1    1     1     1     1    1    1    1  2.00412E+08 0.15929 
  101  101    1    1     1     1     1    1    1    1  1.79148E+08 0.17294 
  102  102    1    1     1     1     1    1    1    1  2.52917E+08 0.24450 
  103  103    1    1     1     1     1    1    1    1  1.33722E+08 0.19725 
  104  104    1    1     1     1     1    1    1    1  1.95097E+08 0.25217 
  105  105    1    1     1     1     1    1    1    1  3.25052E+08 0.14473 
