
ZAI = [
666
0
];

NAMES = [
'lost            '
'total           '
];

iLOST    = 1;
iTOT     = 2;

MAT_LiCl_NpCl3_VOLUME = [ 1.00000E+00 1.00000E+00 1.00000E+00 1.00000E+00 1.00000E+00 1.00000E+00 1.00000E+00 1.00000E+00 1.00000E+00 1.00000E+00 1.00000E+00 1.00000E+00 ];

MAT_LiCl_NpCl3_BURNUP = [ 0.00000E+00 5.00020E+00 1.00004E+01 2.00008E+01 3.00012E+01 4.00016E+01 5.00019E+01 6.00022E+01 7.00025E+01 8.00028E+01 9.00031E+01 1.00003E+02 ];

MAT_LiCl_NpCl3_ADENS = [
0.00000E+00 3.96409E-14 7.90205E-14 1.57034E-13 2.34063E-13 3.10169E-13 3.85371E-13 4.59686E-13 5.33144E-13 6.05756E-13 6.77548E-13 7.48539E-13 % lost data
3.84895E-02 3.85189E-02 3.85484E-02 3.86078E-02 3.86677E-02 3.87281E-02 3.87891E-02 3.88505E-02 3.89124E-02 3.89748E-02 3.90376E-02 3.91009E-02 % total
];

MAT_LiCl_NpCl3_MDENS = [
0.00000E+00 0.00000E+00 0.00000E+00 0.00000E+00 0.00000E+00 0.00000E+00 0.00000E+00 0.00000E+00 0.00000E+00 0.00000E+00 0.00000E+00 0.00000E+00 % lost data
3.31760E+00 3.31758E+00 3.31757E+00 3.31754E+00 3.31750E+00 3.31747E+00 3.31744E+00 3.31741E+00 3.31738E+00 3.31736E+00 3.31733E+00 3.31730E+00 % total
];

MAT_LiCl_NpCl3_A = [
0.00000E+00 0.00000E+00 0.00000E+00 0.00000E+00 0.00000E+00 0.00000E+00 0.00000E+00 0.00000E+00 0.00000E+00 0.00000E+00 0.00000E+00 0.00000E+00 % lost data
4.54974E+07 7.68934E+12 7.74348E+12 7.78376E+12 7.79332E+12 7.79372E+12 7.79157E+12 7.78847E+12 7.78419E+12 7.78098E+12 7.77709E+12 7.77243E+12 % total
];

MAT_LiCl_NpCl3_H = [
0.00000E+00 0.00000E+00 0.00000E+00 0.00000E+00 0.00000E+00 0.00000E+00 0.00000E+00 0.00000E+00 0.00000E+00 0.00000E+00 0.00000E+00 0.00000E+00 % lost data
3.60426E-05 2.27486E+00 2.28191E+00 2.29059E+00 2.29372E+00 2.29571E+00 2.29733E+00 2.29873E+00 2.29984E+00 2.30095E+00 2.30179E+00 2.30237E+00 % total
];

MAT_LiCl_NpCl3_SF = [
0.00000E+00 0.00000E+00 0.00000E+00 0.00000E+00 0.00000E+00 0.00000E+00 0.00000E+00 0.00000E+00 0.00000E+00 0.00000E+00 0.00000E+00 0.00000E+00 % lost data
0.00000E+00 1.45439E+01 2.88153E+01 5.60563E+01 8.16738E+01 1.05742E+02 1.28356E+02 1.49602E+02 1.69542E+02 1.88268E+02 2.05833E+02 2.22282E+02 % total
];

MAT_LiCl_NpCl3_GSRC = [
0.00000E+00 0.00000E+00 0.00000E+00 0.00000E+00 0.00000E+00 0.00000E+00 0.00000E+00 0.00000E+00 0.00000E+00 0.00000E+00 0.00000E+00 0.00000E+00 % lost data
4.38051E+07 9.76119E+12 9.75417E+12 9.72257E+12 9.67953E+12 9.63672E+12 9.59630E+12 9.55816E+12 9.52127E+12 9.48748E+12 9.45475E+12 9.42281E+12 % total
];

MAT_LiCl_NpCl3_ING_TOX = [
0.00000E+00 0.00000E+00 0.00000E+00 0.00000E+00 0.00000E+00 0.00000E+00 0.00000E+00 0.00000E+00 0.00000E+00 0.00000E+00 0.00000E+00 0.00000E+00 % lost data
5.00472E+00 6.16958E+03 8.07453E+03 1.15812E+04 1.48219E+04 1.78485E+04 2.06878E+04 2.33548E+04 2.58579E+04 2.82109E+04 3.04185E+04 3.24864E+04 % total
];

MAT_LiCl_NpCl3_INH_TOX = [
0.00000E+00 0.00000E+00 0.00000E+00 0.00000E+00 0.00000E+00 0.00000E+00 0.00000E+00 0.00000E+00 0.00000E+00 0.00000E+00 0.00000E+00 0.00000E+00 % lost data
2.27487E+03 8.72420E+05 1.71760E+06 3.32976E+06 4.84530E+06 6.26897E+06 7.60658E+06 8.86319E+06 1.00425E+07 1.11500E+07 1.21887E+07 1.31612E+07 % total
];

TOT_VOLUME = [ 1.00000E+00 1.00000E+00 1.00000E+00 1.00000E+00 1.00000E+00 1.00000E+00 1.00000E+00 1.00000E+00 1.00000E+00 1.00000E+00 1.00000E+00 1.00000E+00 ];

TOT_BURNUP = [ 0.00000E+00 5.00020E+00 1.00004E+01 2.00008E+01 3.00012E+01 4.00016E+01 5.00019E+01 6.00022E+01 7.00025E+01 8.00028E+01 9.00031E+01 1.00003E+02 ];

TOT_ADENS = [
0.00000E+00 3.96409E-14 7.90205E-14 1.57034E-13 2.34063E-13 3.10169E-13 3.85371E-13 4.59686E-13 5.33144E-13 6.05756E-13 6.77548E-13 7.48539E-13 % lost data
3.84895E-02 3.85189E-02 3.85484E-02 3.86078E-02 3.86677E-02 3.87281E-02 3.87891E-02 3.88505E-02 3.89124E-02 3.89748E-02 3.90376E-02 3.91009E-02 % total
];

TOT_MASS = [
0.00000E+00 0.00000E+00 0.00000E+00 0.00000E+00 0.00000E+00 0.00000E+00 0.00000E+00 0.00000E+00 0.00000E+00 0.00000E+00 0.00000E+00 0.00000E+00 % lost data
3.31760E+00 3.31758E+00 3.31757E+00 3.31754E+00 3.31750E+00 3.31747E+00 3.31744E+00 3.31741E+00 3.31738E+00 3.31736E+00 3.31733E+00 3.31730E+00 % total
];

TOT_A = [
0.00000E+00 0.00000E+00 0.00000E+00 0.00000E+00 0.00000E+00 0.00000E+00 0.00000E+00 0.00000E+00 0.00000E+00 0.00000E+00 0.00000E+00 0.00000E+00 % lost data
4.54974E+07 7.68934E+12 7.74348E+12 7.78376E+12 7.79332E+12 7.79372E+12 7.79157E+12 7.78847E+12 7.78419E+12 7.78098E+12 7.77709E+12 7.77243E+12 % total
];

TOT_H = [
0.00000E+00 0.00000E+00 0.00000E+00 0.00000E+00 0.00000E+00 0.00000E+00 0.00000E+00 0.00000E+00 0.00000E+00 0.00000E+00 0.00000E+00 0.00000E+00 % lost data
3.60426E-05 2.27486E+00 2.28191E+00 2.29059E+00 2.29372E+00 2.29571E+00 2.29733E+00 2.29873E+00 2.29984E+00 2.30095E+00 2.30179E+00 2.30237E+00 % total
];

TOT_SF = [
0.00000E+00 0.00000E+00 0.00000E+00 0.00000E+00 0.00000E+00 0.00000E+00 0.00000E+00 0.00000E+00 0.00000E+00 0.00000E+00 0.00000E+00 0.00000E+00 % lost data
0.00000E+00 1.45439E+01 2.88153E+01 5.60563E+01 8.16738E+01 1.05742E+02 1.28356E+02 1.49602E+02 1.69542E+02 1.88268E+02 2.05833E+02 2.22282E+02 % total
];

TOT_GSRC = [
0.00000E+00 0.00000E+00 0.00000E+00 0.00000E+00 0.00000E+00 0.00000E+00 0.00000E+00 0.00000E+00 0.00000E+00 0.00000E+00 0.00000E+00 0.00000E+00 % lost data
4.38051E+07 9.76119E+12 9.75417E+12 9.72257E+12 9.67953E+12 9.63672E+12 9.59630E+12 9.55816E+12 9.52127E+12 9.48748E+12 9.45475E+12 9.42281E+12 % total
];

TOT_ING_TOX = [
0.00000E+00 0.00000E+00 0.00000E+00 0.00000E+00 0.00000E+00 0.00000E+00 0.00000E+00 0.00000E+00 0.00000E+00 0.00000E+00 0.00000E+00 0.00000E+00 % lost data
5.00472E+00 6.16958E+03 8.07453E+03 1.15812E+04 1.48219E+04 1.78485E+04 2.06878E+04 2.33548E+04 2.58579E+04 2.82109E+04 3.04185E+04 3.24864E+04 % total
];

TOT_INH_TOX = [
0.00000E+00 0.00000E+00 0.00000E+00 0.00000E+00 0.00000E+00 0.00000E+00 0.00000E+00 0.00000E+00 0.00000E+00 0.00000E+00 0.00000E+00 0.00000E+00 % lost data
2.27487E+03 8.72420E+05 1.71760E+06 3.32976E+06 4.84530E+06 6.26897E+06 7.60658E+06 8.86319E+06 1.00425E+07 1.11500E+07 1.21887E+07 1.31612E+07 % total
];

BU = [ 0.00000E+00 5.00000E+00 1.00000E+01 2.00000E+01 3.00000E+01 4.00000E+01 5.00000E+01 6.00000E+01 7.00000E+01 8.00000E+01 9.00000E+01 1.00000E+02 ];

DAYS = [ 0.00000E+00 2.50000E+02 5.00000E+02 1.00000E+03 1.50000E+03 2.00000E+03 2.50000E+03 3.00000E+03 3.50000E+03 4.00000E+03 4.50000E+03 5.00000E+03 ];
