
ZAI = [
666
0
];

NAMES = [
'lost            '
'total           '
];

iLOST    = 1;
iTOT     = 2;

MAT_LiCl_Am243Cl3_VOLUME = [ 1.00000E+00 1.00000E+00 1.00000E+00 1.00000E+00 1.00000E+00 1.00000E+00 1.00000E+00 1.00000E+00 1.00000E+00 1.00000E+00 1.00000E+00 1.00000E+00 ];

MAT_LiCl_Am243Cl3_BURNUP = [ 0.00000E+00 5.00034E+00 1.00007E+01 2.00013E+01 3.00019E+01 4.00025E+01 5.00031E+01 6.00037E+01 7.00042E+01 8.00047E+01 9.00052E+01 1.00006E+02 ];

MAT_LiCl_Am243Cl3_ADENS = [
0.00000E+00 3.35418E-14 6.70131E-14 1.32821E-13 1.97037E-13 2.59993E-13 3.22073E-13 3.83634E-13 4.45008E-13 5.06522E-13 5.68482E-13 6.31183E-13 % lost data
3.79818E-02 3.80145E-02 3.80484E-02 3.81198E-02 3.81954E-02 3.82747E-02 3.83575E-02 3.84434E-02 3.85320E-02 3.86231E-02 3.87165E-02 3.88119E-02 % total
];

MAT_LiCl_Am243Cl3_MDENS = [
0.00000E+00 0.00000E+00 0.00000E+00 0.00000E+00 0.00000E+00 0.00000E+00 0.00000E+00 0.00000E+00 0.00000E+00 0.00000E+00 0.00000E+00 0.00000E+00 % lost data
3.31760E+00 3.31758E+00 3.31755E+00 3.31750E+00 3.31745E+00 3.31740E+00 3.31735E+00 3.31729E+00 3.31724E+00 3.31718E+00 3.31713E+00 3.31707E+00 % total
];

MAT_LiCl_Am243Cl3_A = [
0.00000E+00 0.00000E+00 0.00000E+00 0.00000E+00 0.00000E+00 0.00000E+00 0.00000E+00 0.00000E+00 0.00000E+00 0.00000E+00 0.00000E+00 0.00000E+00 % lost data
1.30610E+10 8.56957E+12 8.66319E+12 8.78596E+12 8.84635E+12 8.89044E+12 8.92631E+12 8.95771E+12 8.98349E+12 9.00602E+12 9.02486E+12 9.04004E+12 % total
];

MAT_LiCl_Am243Cl3_H = [
0.00000E+00 0.00000E+00 0.00000E+00 0.00000E+00 0.00000E+00 0.00000E+00 0.00000E+00 0.00000E+00 0.00000E+00 0.00000E+00 0.00000E+00 0.00000E+00 % lost data
1.13720E-02 2.20971E+00 2.26403E+00 2.36353E+00 2.44195E+00 2.51094E+00 2.57217E+00 2.62673E+00 2.67505E+00 2.71791E+00 2.75571E+00 2.78883E+00 % total
];

MAT_LiCl_Am243Cl3_SF = [
0.00000E+00 0.00000E+00 0.00000E+00 0.00000E+00 0.00000E+00 0.00000E+00 0.00000E+00 0.00000E+00 0.00000E+00 0.00000E+00 0.00000E+00 0.00000E+00 % lost data
4.83257E-01 8.79494E+04 1.70951E+05 3.23240E+05 4.58829E+05 5.79439E+05 6.86608E+05 7.81748E+05 8.65950E+05 9.40289E+05 1.00567E+06 1.06289E+06 % total
];

MAT_LiCl_Am243Cl3_GSRC = [
0.00000E+00 0.00000E+00 0.00000E+00 0.00000E+00 0.00000E+00 0.00000E+00 0.00000E+00 0.00000E+00 0.00000E+00 0.00000E+00 0.00000E+00 0.00000E+00 % lost data
1.27274E+10 8.61080E+12 8.59974E+12 8.59040E+12 8.54891E+12 8.51264E+12 8.48184E+12 8.45631E+12 8.43484E+12 8.41749E+12 8.40346E+12 8.39231E+12 % total
];

MAT_LiCl_Am243Cl3_ING_TOX = [
0.00000E+00 0.00000E+00 0.00000E+00 0.00000E+00 0.00000E+00 0.00000E+00 0.00000E+00 0.00000E+00 0.00000E+00 0.00000E+00 0.00000E+00 0.00000E+00 % lost data
2.61220E+03 1.31122E+04 2.04742E+04 3.38324E+04 4.56372E+04 5.61111E+04 6.54087E+04 7.36597E+04 8.09612E+04 8.74070E+04 9.30759E+04 9.80363E+04 % total
];

MAT_LiCl_Am243Cl3_INH_TOX = [
0.00000E+00 0.00000E+00 0.00000E+00 0.00000E+00 0.00000E+00 0.00000E+00 0.00000E+00 0.00000E+00 0.00000E+00 0.00000E+00 0.00000E+00 0.00000E+00 % lost data
1.25386E+06 4.87334E+06 8.28374E+06 1.45380E+07 2.01041E+07 2.50537E+07 2.94501E+07 3.33513E+07 3.68022E+07 3.98469E+07 4.25226E+07 4.48618E+07 % total
];

TOT_VOLUME = [ 1.00000E+00 1.00000E+00 1.00000E+00 1.00000E+00 1.00000E+00 1.00000E+00 1.00000E+00 1.00000E+00 1.00000E+00 1.00000E+00 1.00000E+00 1.00000E+00 ];

TOT_BURNUP = [ 0.00000E+00 5.00034E+00 1.00007E+01 2.00013E+01 3.00019E+01 4.00025E+01 5.00031E+01 6.00037E+01 7.00042E+01 8.00047E+01 9.00052E+01 1.00006E+02 ];

TOT_ADENS = [
0.00000E+00 3.35418E-14 6.70131E-14 1.32821E-13 1.97037E-13 2.59993E-13 3.22073E-13 3.83634E-13 4.45008E-13 5.06522E-13 5.68482E-13 6.31183E-13 % lost data
3.79818E-02 3.80145E-02 3.80484E-02 3.81198E-02 3.81954E-02 3.82747E-02 3.83575E-02 3.84434E-02 3.85320E-02 3.86231E-02 3.87165E-02 3.88119E-02 % total
];

TOT_MASS = [
0.00000E+00 0.00000E+00 0.00000E+00 0.00000E+00 0.00000E+00 0.00000E+00 0.00000E+00 0.00000E+00 0.00000E+00 0.00000E+00 0.00000E+00 0.00000E+00 % lost data
3.31760E+00 3.31758E+00 3.31755E+00 3.31750E+00 3.31745E+00 3.31740E+00 3.31735E+00 3.31729E+00 3.31724E+00 3.31718E+00 3.31713E+00 3.31707E+00 % total
];

TOT_A = [
0.00000E+00 0.00000E+00 0.00000E+00 0.00000E+00 0.00000E+00 0.00000E+00 0.00000E+00 0.00000E+00 0.00000E+00 0.00000E+00 0.00000E+00 0.00000E+00 % lost data
1.30610E+10 8.56957E+12 8.66319E+12 8.78596E+12 8.84635E+12 8.89044E+12 8.92631E+12 8.95771E+12 8.98349E+12 9.00602E+12 9.02486E+12 9.04004E+12 % total
];

TOT_H = [
0.00000E+00 0.00000E+00 0.00000E+00 0.00000E+00 0.00000E+00 0.00000E+00 0.00000E+00 0.00000E+00 0.00000E+00 0.00000E+00 0.00000E+00 0.00000E+00 % lost data
1.13720E-02 2.20971E+00 2.26403E+00 2.36353E+00 2.44195E+00 2.51094E+00 2.57217E+00 2.62673E+00 2.67505E+00 2.71791E+00 2.75571E+00 2.78883E+00 % total
];

TOT_SF = [
0.00000E+00 0.00000E+00 0.00000E+00 0.00000E+00 0.00000E+00 0.00000E+00 0.00000E+00 0.00000E+00 0.00000E+00 0.00000E+00 0.00000E+00 0.00000E+00 % lost data
4.83257E-01 8.79494E+04 1.70951E+05 3.23240E+05 4.58829E+05 5.79439E+05 6.86608E+05 7.81748E+05 8.65950E+05 9.40289E+05 1.00567E+06 1.06289E+06 % total
];

TOT_GSRC = [
0.00000E+00 0.00000E+00 0.00000E+00 0.00000E+00 0.00000E+00 0.00000E+00 0.00000E+00 0.00000E+00 0.00000E+00 0.00000E+00 0.00000E+00 0.00000E+00 % lost data
1.27274E+10 8.61080E+12 8.59974E+12 8.59040E+12 8.54891E+12 8.51264E+12 8.48184E+12 8.45631E+12 8.43484E+12 8.41749E+12 8.40346E+12 8.39231E+12 % total
];

TOT_ING_TOX = [
0.00000E+00 0.00000E+00 0.00000E+00 0.00000E+00 0.00000E+00 0.00000E+00 0.00000E+00 0.00000E+00 0.00000E+00 0.00000E+00 0.00000E+00 0.00000E+00 % lost data
2.61220E+03 1.31122E+04 2.04742E+04 3.38324E+04 4.56372E+04 5.61111E+04 6.54087E+04 7.36597E+04 8.09612E+04 8.74070E+04 9.30759E+04 9.80363E+04 % total
];

TOT_INH_TOX = [
0.00000E+00 0.00000E+00 0.00000E+00 0.00000E+00 0.00000E+00 0.00000E+00 0.00000E+00 0.00000E+00 0.00000E+00 0.00000E+00 0.00000E+00 0.00000E+00 % lost data
1.25386E+06 4.87334E+06 8.28374E+06 1.45380E+07 2.01041E+07 2.50537E+07 2.94501E+07 3.33513E+07 3.68022E+07 3.98469E+07 4.25226E+07 4.48618E+07 % total
];

BU = [ 0.00000E+00 5.00000E+00 1.00000E+01 2.00000E+01 3.00000E+01 4.00000E+01 5.00000E+01 6.00000E+01 7.00000E+01 8.00000E+01 9.00000E+01 1.00000E+02 ];

DAYS = [ 0.00000E+00 2.50000E+02 5.00000E+02 1.00000E+03 1.50000E+03 2.00000E+03 2.50000E+03 3.00000E+03 3.50000E+03 4.00000E+03 4.50000E+03 5.00000E+03 ];
