
DETspecTot = [
    1    1    1    1     1     1     1    1    1    1  0.00000E+00 0.00000 
    2    2    1    1     1     1     1    1    1    1  0.00000E+00 0.00000 
    3    3    1    1     1     1     1    1    1    1  0.00000E+00 0.00000 
    4    4    1    1     1     1     1    1    1    1  0.00000E+00 0.00000 
    5    5    1    1     1     1     1    1    1    1  0.00000E+00 0.00000 
    6    6    1    1     1     1     1    1    1    1  0.00000E+00 0.00000 
    7    7    1    1     1     1     1    1    1    1  0.00000E+00 0.00000 
    8    8    1    1     1     1     1    1    1    1  0.00000E+00 0.00000 
    9    9    1    1     1     1     1    1    1    1  0.00000E+00 0.00000 
   10   10    1    1     1     1     1    1    1    1  0.00000E+00 0.00000 
   11   11    1    1     1     1     1    1    1    1  0.00000E+00 0.00000 
   12   12    1    1     1     1     1    1    1    1  0.00000E+00 0.00000 
   13   13    1    1     1     1     1    1    1    1  1.55694E+05 1.00000 
   14   14    1    1     1     1     1    1    1    1  0.00000E+00 0.00000 
   15   15    1    1     1     1     1    1    1    1  0.00000E+00 0.00000 
   16   16    1    1     1     1     1    1    1    1  0.00000E+00 0.00000 
   17   17    1    1     1     1     1    1    1    1  0.00000E+00 0.00000 
   18   18    1    1     1     1     1    1    1    1  0.00000E+00 0.00000 
   19   19    1    1     1     1     1    1    1    1  0.00000E+00 0.00000 
   20   20    1    1     1     1     1    1    1    1  0.00000E+00 0.00000 
   21   21    1    1     1     1     1    1    1    1  0.00000E+00 0.00000 
   22   22    1    1     1     1     1    1    1    1  0.00000E+00 0.00000 
   23   23    1    1     1     1     1    1    1    1  0.00000E+00 0.00000 
   24   24    1    1     1     1     1    1    1    1  0.00000E+00 0.00000 
   25   25    1    1     1     1     1    1    1    1  0.00000E+00 0.00000 
   26   26    1    1     1     1     1    1    1    1  0.00000E+00 0.00000 
   27   27    1    1     1     1     1    1    1    1  2.69374E+05 1.00000 
   28   28    1    1     1     1     1    1    1    1  0.00000E+00 0.00000 
   29   29    1    1     1     1     1    1    1    1  0.00000E+00 0.00000 
   30   30    1    1     1     1     1    1    1    1  8.86423E+04 1.00000 
   31   31    1    1     1     1     1    1    1    1  0.00000E+00 0.00000 
   32   32    1    1     1     1     1    1    1    1  0.00000E+00 0.00000 
   33   33    1    1     1     1     1    1    1    1  2.78852E+06 1.00000 
   34   34    1    1     1     1     1    1    1    1  0.00000E+00 0.00000 
   35   35    1    1     1     1     1    1    1    1  0.00000E+00 0.00000 
   36   36    1    1     1     1     1    1    1    1  0.00000E+00 0.00000 
   37   37    1    1     1     1     1    1    1    1  0.00000E+00 0.00000 
   38   38    1    1     1     1     1    1    1    1  2.09832E+06 1.00000 
   39   39    1    1     1     1     1    1    1    1  9.63584E+05 1.00000 
   40   40    1    1     1     1     1    1    1    1  0.00000E+00 0.00000 
   41   41    1    1     1     1     1    1    1    1  0.00000E+00 0.00000 
   42   42    1    1     1     1     1    1    1    1  0.00000E+00 0.00000 
   43   43    1    1     1     1     1    1    1    1  0.00000E+00 0.00000 
   44   44    1    1     1     1     1    1    1    1  0.00000E+00 0.00000 
   45   45    1    1     1     1     1    1    1    1  0.00000E+00 0.00000 
   46   46    1    1     1     1     1    1    1    1  0.00000E+00 0.00000 
   47   47    1    1     1     1     1    1    1    1  0.00000E+00 0.00000 
   48   48    1    1     1     1     1    1    1    1  0.00000E+00 0.00000 
   49   49    1    1     1     1     1    1    1    1  3.78063E+05 1.00000 
   50   50    1    1     1     1     1    1    1    1  0.00000E+00 0.00000 
   51   51    1    1     1     1     1    1    1    1  4.90709E+05 1.00000 
   52   52    1    1     1     1     1    1    1    1  0.00000E+00 0.00000 
   53   53    1    1     1     1     1    1    1    1  0.00000E+00 0.00000 
   54   54    1    1     1     1     1    1    1    1  0.00000E+00 0.00000 
   55   55    1    1     1     1     1    1    1    1  1.73837E+06 1.00000 
   56   56    1    1     1     1     1    1    1    1  0.00000E+00 0.00000 
   57   57    1    1     1     1     1    1    1    1  2.06313E+06 1.00000 
   58   58    1    1     1     1     1    1    1    1  0.00000E+00 0.00000 
   59   59    1    1     1     1     1    1    1    1  5.00116E+06 1.00000 
   60   60    1    1     1     1     1    1    1    1  2.19992E+06 1.00000 
   61   61    1    1     1     1     1    1    1    1  0.00000E+00 0.00000 
   62   62    1    1     1     1     1    1    1    1  2.90161E+06 0.83426 
   63   63    1    1     1     1     1    1    1    1  8.88595E+06 0.54649 
   64   64    1    1     1     1     1    1    1    1  1.11508E+07 0.57721 
   65   65    1    1     1     1     1    1    1    1  3.40347E+06 0.53554 
   66   66    1    1     1     1     1    1    1    1  2.54901E+06 0.71322 
   67   67    1    1     1     1     1    1    1    1  1.24154E+07 0.78313 
   68   68    1    1     1     1     1    1    1    1  1.85104E+07 1.00000 
   69   69    1    1     1     1     1    1    1    1  2.87386E+06 1.00000 
   70   70    1    1     1     1     1    1    1    1  4.56489E+06 0.57715 
   71   71    1    1     1     1     1    1    1    1  3.85404E+06 0.57235 
   72   72    1    1     1     1     1    1    1    1  9.77907E+06 0.72595 
   73   73    1    1     1     1     1    1    1    1  2.29023E+07 0.68770 
   74   74    1    1     1     1     1    1    1    1  7.94769E+06 0.78423 
   75   75    1    1     1     1     1    1    1    1  2.33943E+06 0.73297 
   76   76    1    1     1     1     1    1    1    1  7.19914E+06 0.76023 
   77   77    1    1     1     1     1    1    1    1  1.43293E+07 0.76626 
   78   78    1    1     1     1     1    1    1    1  0.00000E+00 0.00000 
   79   79    1    1     1     1     1    1    1    1  1.20434E+06 1.00000 
   80   80    1    1     1     1     1    1    1    1  1.07873E+07 0.47392 
   81   81    1    1     1     1     1    1    1    1  5.70209E+06 0.45596 
   82   82    1    1     1     1     1    1    1    1  1.89193E+07 0.54707 
   83   83    1    1     1     1     1    1    1    1  2.24390E+07 0.42447 
   84   84    1    1     1     1     1    1    1    1  2.17826E+07 0.36158 
   85   85    1    1     1     1     1    1    1    1  1.06572E+07 0.37174 
   86   86    1    1     1     1     1    1    1    1  3.10777E+07 0.42738 
   87   87    1    1     1     1     1    1    1    1  3.17360E+07 0.44322 
   88   88    1    1     1     1     1    1    1    1  2.33295E+07 0.50562 
   89   89    1    1     1     1     1    1    1    1  2.81065E+07 0.29915 
   90   90    1    1     1     1     1    1    1    1  1.45330E+07 0.39029 
   91   91    1    1     1     1     1    1    1    1  3.25371E+07 0.37182 
   92   92    1    1     1     1     1    1    1    1  3.17489E+07 0.53456 
   93   93    1    1     1     1     1    1    1    1  6.30419E+07 0.35704 
   94   94    1    1     1     1     1    1    1    1  7.74759E+07 0.26487 
   95   95    1    1     1     1     1    1    1    1  7.81443E+07 0.28256 
   96   96    1    1     1     1     1    1    1    1  4.30369E+07 0.35628 
   97   97    1    1     1     1     1    1    1    1  8.02024E+07 0.21399 
   98   98    1    1     1     1     1    1    1    1  1.10702E+08 0.25994 
   99   99    1    1     1     1     1    1    1    1  1.59436E+08 0.26459 
  100  100    1    1     1     1     1    1    1    1  1.12811E+08 0.19724 
  101  101    1    1     1     1     1    1    1    1  1.22404E+08 0.19529 
  102  102    1    1     1     1     1    1    1    1  1.16605E+08 0.35764 
  103  103    1    1     1     1     1    1    1    1  1.23053E+08 0.18150 
  104  104    1    1     1     1     1    1    1    1  2.34727E+08 0.24225 
  105  105    1    1     1     1     1    1    1    1  2.21001E+08 0.17958 
