
DETspecTot = [
    1    1    1    1     1     1     1    1    1    1  0.00000E+00 0.00000 
    2    2    1    1     1     1     1    1    1    1  0.00000E+00 0.00000 
    3    3    1    1     1     1     1    1    1    1  0.00000E+00 0.00000 
    4    4    1    1     1     1     1    1    1    1  0.00000E+00 0.00000 
    5    5    1    1     1     1     1    1    1    1  0.00000E+00 0.00000 
    6    6    1    1     1     1     1    1    1    1  0.00000E+00 0.00000 
    7    7    1    1     1     1     1    1    1    1  0.00000E+00 0.00000 
    8    8    1    1     1     1     1    1    1    1  0.00000E+00 0.00000 
    9    9    1    1     1     1     1    1    1    1  0.00000E+00 0.00000 
   10   10    1    1     1     1     1    1    1    1  0.00000E+00 0.00000 
   11   11    1    1     1     1     1    1    1    1  0.00000E+00 0.00000 
   12   12    1    1     1     1     1    1    1    1  0.00000E+00 0.00000 
   13   13    1    1     1     1     1    1    1    1  0.00000E+00 0.00000 
   14   14    1    1     1     1     1    1    1    1  0.00000E+00 0.00000 
   15   15    1    1     1     1     1    1    1    1  0.00000E+00 0.00000 
   16   16    1    1     1     1     1    1    1    1  0.00000E+00 0.00000 
   17   17    1    1     1     1     1    1    1    1  0.00000E+00 0.00000 
   18   18    1    1     1     1     1    1    1    1  0.00000E+00 0.00000 
   19   19    1    1     1     1     1    1    1    1  0.00000E+00 0.00000 
   20   20    1    1     1     1     1    1    1    1  3.92727E+05 1.00000 
   21   21    1    1     1     1     1    1    1    1  0.00000E+00 0.00000 
   22   22    1    1     1     1     1    1    1    1  0.00000E+00 0.00000 
   23   23    1    1     1     1     1    1    1    1  0.00000E+00 0.00000 
   24   24    1    1     1     1     1    1    1    1  0.00000E+00 0.00000 
   25   25    1    1     1     1     1    1    1    1  0.00000E+00 0.00000 
   26   26    1    1     1     1     1    1    1    1  0.00000E+00 0.00000 
   27   27    1    1     1     1     1    1    1    1  0.00000E+00 0.00000 
   28   28    1    1     1     1     1    1    1    1  0.00000E+00 0.00000 
   29   29    1    1     1     1     1    1    1    1  0.00000E+00 0.00000 
   30   30    1    1     1     1     1    1    1    1  0.00000E+00 0.00000 
   31   31    1    1     1     1     1    1    1    1  8.10669E+05 1.00000 
   32   32    1    1     1     1     1    1    1    1  0.00000E+00 0.00000 
   33   33    1    1     1     1     1    1    1    1  0.00000E+00 0.00000 
   34   34    1    1     1     1     1    1    1    1  0.00000E+00 0.00000 
   35   35    1    1     1     1     1    1    1    1  0.00000E+00 0.00000 
   36   36    1    1     1     1     1    1    1    1  1.89357E+06 1.00000 
   37   37    1    1     1     1     1    1    1    1  8.03692E+05 1.00000 
   38   38    1    1     1     1     1    1    1    1  1.75902E+06 1.00000 
   39   39    1    1     1     1     1    1    1    1  0.00000E+00 0.00000 
   40   40    1    1     1     1     1    1    1    1  3.19642E+05 1.00000 
   41   41    1    1     1     1     1    1    1    1  0.00000E+00 0.00000 
   42   42    1    1     1     1     1    1    1    1  0.00000E+00 0.00000 
   43   43    1    1     1     1     1    1    1    1  0.00000E+00 0.00000 
   44   44    1    1     1     1     1    1    1    1  0.00000E+00 0.00000 
   45   45    1    1     1     1     1    1    1    1  0.00000E+00 0.00000 
   46   46    1    1     1     1     1    1    1    1  0.00000E+00 0.00000 
   47   47    1    1     1     1     1    1    1    1  0.00000E+00 0.00000 
   48   48    1    1     1     1     1    1    1    1  0.00000E+00 0.00000 
   49   49    1    1     1     1     1    1    1    1  0.00000E+00 0.00000 
   50   50    1    1     1     1     1    1    1    1  0.00000E+00 0.00000 
   51   51    1    1     1     1     1    1    1    1  0.00000E+00 0.00000 
   52   52    1    1     1     1     1    1    1    1  0.00000E+00 0.00000 
   53   53    1    1     1     1     1    1    1    1  0.00000E+00 0.00000 
   54   54    1    1     1     1     1    1    1    1  2.10635E+06 1.00000 
   55   55    1    1     1     1     1    1    1    1  0.00000E+00 0.00000 
   56   56    1    1     1     1     1    1    1    1  0.00000E+00 0.00000 
   57   57    1    1     1     1     1    1    1    1  0.00000E+00 0.00000 
   58   58    1    1     1     1     1    1    1    1  0.00000E+00 0.00000 
   59   59    1    1     1     1     1    1    1    1  1.56030E+07 0.80439 
   60   60    1    1     1     1     1    1    1    1  1.15469E+07 0.60651 
   61   61    1    1     1     1     1    1    1    1  0.00000E+00 0.00000 
   62   62    1    1     1     1     1    1    1    1  2.37885E+06 0.51772 
   63   63    1    1     1     1     1    1    1    1  1.11856E+07 0.45756 
   64   64    1    1     1     1     1    1    1    1  2.18036E+07 0.47315 
   65   65    1    1     1     1     1    1    1    1  1.82513E+07 0.61498 
   66   66    1    1     1     1     1    1    1    1  7.20616E+06 0.72960 
   67   67    1    1     1     1     1    1    1    1  5.97615E+06 0.70831 
   68   68    1    1     1     1     1    1    1    1  0.00000E+00 0.00000 
   69   69    1    1     1     1     1    1    1    1  0.00000E+00 0.00000 
   70   70    1    1     1     1     1    1    1    1  2.03974E+06 0.45621 
   71   71    1    1     1     1     1    1    1    1  6.72909E+06 0.46082 
   72   72    1    1     1     1     1    1    1    1  1.07008E+07 0.72269 
   73   73    1    1     1     1     1    1    1    1  2.47443E+07 0.53588 
   74   74    1    1     1     1     1    1    1    1  3.32712E+07 0.49739 
   75   75    1    1     1     1     1    1    1    1  1.27352E+07 0.35715 
   76   76    1    1     1     1     1    1    1    1  3.31016E+06 0.58162 
   77   77    1    1     1     1     1    1    1    1  4.07395E+07 0.67340 
   78   78    1    1     1     1     1    1    1    1  1.03717E+07 0.74378 
   79   79    1    1     1     1     1    1    1    1  3.56739E+07 0.51187 
   80   80    1    1     1     1     1    1    1    1  8.62254E+06 0.59260 
   81   81    1    1     1     1     1    1    1    1  8.14321E+06 0.41273 
   82   82    1    1     1     1     1    1    1    1  3.03451E+07 0.42985 
   83   83    1    1     1     1     1    1    1    1  3.83816E+07 0.30874 
   84   84    1    1     1     1     1    1    1    1  2.53613E+07 0.35038 
   85   85    1    1     1     1     1    1    1    1  3.55184E+07 0.23623 
   86   86    1    1     1     1     1    1    1    1  6.04067E+07 0.45952 
   87   87    1    1     1     1     1    1    1    1  3.25925E+07 0.35717 
   88   88    1    1     1     1     1    1    1    1  7.16918E+07 0.37808 
   89   89    1    1     1     1     1    1    1    1  1.11041E+08 0.23763 
   90   90    1    1     1     1     1    1    1    1  6.20966E+07 0.21341 
   91   91    1    1     1     1     1    1    1    1  9.11116E+07 0.21543 
   92   92    1    1     1     1     1    1    1    1  9.18059E+07 0.32068 
   93   93    1    1     1     1     1    1    1    1  7.35908E+07 0.31795 
   94   94    1    1     1     1     1    1    1    1  1.03565E+08 0.24498 
   95   95    1    1     1     1     1    1    1    1  1.97054E+08 0.23029 
   96   96    1    1     1     1     1    1    1    1  1.28311E+08 0.20220 
   97   97    1    1     1     1     1    1    1    1  1.86385E+08 0.14256 
   98   98    1    1     1     1     1    1    1    1  1.88170E+08 0.20384 
   99   99    1    1     1     1     1    1    1    1  2.84342E+08 0.22015 
  100  100    1    1     1     1     1    1    1    1  2.16934E+08 0.15273 
  101  101    1    1     1     1     1    1    1    1  2.88623E+08 0.14213 
  102  102    1    1     1     1     1    1    1    1  2.37753E+08 0.24383 
  103  103    1    1     1     1     1    1    1    1  2.73760E+08 0.15191 
  104  104    1    1     1     1     1    1    1    1  3.27033E+08 0.16234 
  105  105    1    1     1     1     1    1    1    1  4.97320E+08 0.12417 
