
DETspecTot = [
    1    1    1    1     1     1     1    1    1    1  0.00000E+00 0.00000 
    2    2    1    1     1     1     1    1    1    1  0.00000E+00 0.00000 
    3    3    1    1     1     1     1    1    1    1  0.00000E+00 0.00000 
    4    4    1    1     1     1     1    1    1    1  0.00000E+00 0.00000 
    5    5    1    1     1     1     1    1    1    1  0.00000E+00 0.00000 
    6    6    1    1     1     1     1    1    1    1  0.00000E+00 0.00000 
    7    7    1    1     1     1     1    1    1    1  0.00000E+00 0.00000 
    8    8    1    1     1     1     1    1    1    1  0.00000E+00 0.00000 
    9    9    1    1     1     1     1    1    1    1  0.00000E+00 0.00000 
   10   10    1    1     1     1     1    1    1    1  0.00000E+00 0.00000 
   11   11    1    1     1     1     1    1    1    1  0.00000E+00 0.00000 
   12   12    1    1     1     1     1    1    1    1  9.10659E+04 1.00000 
   13   13    1    1     1     1     1    1    1    1  0.00000E+00 0.00000 
   14   14    1    1     1     1     1    1    1    1  0.00000E+00 0.00000 
   15   15    1    1     1     1     1    1    1    1  0.00000E+00 0.00000 
   16   16    1    1     1     1     1    1    1    1  0.00000E+00 0.00000 
   17   17    1    1     1     1     1    1    1    1  0.00000E+00 0.00000 
   18   18    1    1     1     1     1    1    1    1  0.00000E+00 0.00000 
   19   19    1    1     1     1     1    1    1    1  3.36976E+05 1.00000 
   20   20    1    1     1     1     1    1    1    1  0.00000E+00 0.00000 
   21   21    1    1     1     1     1    1    1    1  0.00000E+00 0.00000 
   22   22    1    1     1     1     1    1    1    1  0.00000E+00 0.00000 
   23   23    1    1     1     1     1    1    1    1  0.00000E+00 0.00000 
   24   24    1    1     1     1     1    1    1    1  0.00000E+00 0.00000 
   25   25    1    1     1     1     1    1    1    1  0.00000E+00 0.00000 
   26   26    1    1     1     1     1    1    1    1  0.00000E+00 0.00000 
   27   27    1    1     1     1     1    1    1    1  0.00000E+00 0.00000 
   28   28    1    1     1     1     1    1    1    1  0.00000E+00 0.00000 
   29   29    1    1     1     1     1    1    1    1  0.00000E+00 0.00000 
   30   30    1    1     1     1     1    1    1    1  1.33230E+05 1.00000 
   31   31    1    1     1     1     1    1    1    1  1.69388E+06 0.74524 
   32   32    1    1     1     1     1    1    1    1  0.00000E+00 0.00000 
   33   33    1    1     1     1     1    1    1    1  0.00000E+00 0.00000 
   34   34    1    1     1     1     1    1    1    1  0.00000E+00 0.00000 
   35   35    1    1     1     1     1    1    1    1  0.00000E+00 0.00000 
   36   36    1    1     1     1     1    1    1    1  0.00000E+00 0.00000 
   37   37    1    1     1     1     1    1    1    1  0.00000E+00 0.00000 
   38   38    1    1     1     1     1    1    1    1  0.00000E+00 0.00000 
   39   39    1    1     1     1     1    1    1    1  0.00000E+00 0.00000 
   40   40    1    1     1     1     1    1    1    1  0.00000E+00 0.00000 
   41   41    1    1     1     1     1    1    1    1  0.00000E+00 0.00000 
   42   42    1    1     1     1     1    1    1    1  0.00000E+00 0.00000 
   43   43    1    1     1     1     1    1    1    1  0.00000E+00 0.00000 
   44   44    1    1     1     1     1    1    1    1  0.00000E+00 0.00000 
   45   45    1    1     1     1     1    1    1    1  0.00000E+00 0.00000 
   46   46    1    1     1     1     1    1    1    1  4.67199E+05 1.00000 
   47   47    1    1     1     1     1    1    1    1  0.00000E+00 0.00000 
   48   48    1    1     1     1     1    1    1    1  2.81882E+05 1.00000 
   49   49    1    1     1     1     1    1    1    1  1.71585E+06 0.74262 
   50   50    1    1     1     1     1    1    1    1  0.00000E+00 0.00000 
   51   51    1    1     1     1     1    1    1    1  0.00000E+00 0.00000 
   52   52    1    1     1     1     1    1    1    1  0.00000E+00 0.00000 
   53   53    1    1     1     1     1    1    1    1  0.00000E+00 0.00000 
   54   54    1    1     1     1     1    1    1    1  5.90298E+06 0.70703 
   55   55    1    1     1     1     1    1    1    1  0.00000E+00 0.00000 
   56   56    1    1     1     1     1    1    1    1  0.00000E+00 0.00000 
   57   57    1    1     1     1     1    1    1    1  1.39109E+06 1.00000 
   58   58    1    1     1     1     1    1    1    1  5.75081E+06 0.71029 
   59   59    1    1     1     1     1    1    1    1  0.00000E+00 0.00000 
   60   60    1    1     1     1     1    1    1    1  5.73155E+06 1.00000 
   61   61    1    1     1     1     1    1    1    1  0.00000E+00 0.00000 
   62   62    1    1     1     1     1    1    1    1  1.35945E+06 0.48107 
   63   63    1    1     1     1     1    1    1    1  1.84170E+06 1.00000 
   64   64    1    1     1     1     1    1    1    1  3.30436E+07 0.58595 
   65   65    1    1     1     1     1    1    1    1  9.49943E+06 0.51889 
   66   66    1    1     1     1     1    1    1    1  3.54160E+06 0.70698 
   67   67    1    1     1     1     1    1    1    1  1.75670E+07 0.66222 
   68   68    1    1     1     1     1    1    1    1  8.26278E+06 1.00000 
   69   69    1    1     1     1     1    1    1    1  1.26425E+07 0.69939 
   70   70    1    1     1     1     1    1    1    1  5.82172E+05 0.71095 
   71   71    1    1     1     1     1    1    1    1  5.96961E+06 0.57594 
   72   72    1    1     1     1     1    1    1    1  2.18928E+07 0.46743 
   73   73    1    1     1     1     1    1    1    1  3.85018E+07 0.44185 
   74   74    1    1     1     1     1    1    1    1  2.75659E+07 0.59786 
   75   75    1    1     1     1     1    1    1    1  2.83511E+06 0.57794 
   76   76    1    1     1     1     1    1    1    1  3.33282E+06 0.75738 
   77   77    1    1     1     1     1    1    1    1  7.16103E+06 0.70778 
   78   78    1    1     1     1     1    1    1    1  7.99853E+06 0.71574 
   79   79    1    1     1     1     1    1    1    1  3.20683E+07 0.52131 
   80   80    1    1     1     1     1    1    1    1  2.24519E+07 0.38036 
   81   81    1    1     1     1     1    1    1    1  9.33168E+06 0.53450 
   82   82    1    1     1     1     1    1    1    1  5.07483E+07 0.30182 
   83   83    1    1     1     1     1    1    1    1  4.51029E+07 0.37846 
   84   84    1    1     1     1     1    1    1    1  2.58702E+07 0.33224 
   85   85    1    1     1     1     1    1    1    1  3.08810E+07 0.31721 
   86   86    1    1     1     1     1    1    1    1  4.81108E+07 0.33746 
   87   87    1    1     1     1     1    1    1    1  4.71754E+07 0.30108 
   88   88    1    1     1     1     1    1    1    1  6.87798E+07 0.27355 
   89   89    1    1     1     1     1    1    1    1  1.22473E+08 0.25806 
   90   90    1    1     1     1     1    1    1    1  5.96934E+07 0.24299 
   91   91    1    1     1     1     1    1    1    1  1.36842E+08 0.20143 
   92   92    1    1     1     1     1    1    1    1  1.55375E+08 0.29098 
   93   93    1    1     1     1     1    1    1    1  9.59323E+07 0.26459 
   94   94    1    1     1     1     1    1    1    1  1.36641E+08 0.21588 
   95   95    1    1     1     1     1    1    1    1  1.35019E+08 0.22665 
   96   96    1    1     1     1     1    1    1    1  1.24191E+08 0.22075 
   97   97    1    1     1     1     1    1    1    1  1.33389E+08 0.14836 
   98   98    1    1     1     1     1    1    1    1  2.06068E+08 0.20278 
   99   99    1    1     1     1     1    1    1    1  2.00666E+08 0.20325 
  100  100    1    1     1     1     1    1    1    1  2.40492E+08 0.14777 
  101  101    1    1     1     1     1    1    1    1  2.38695E+08 0.15958 
  102  102    1    1     1     1     1    1    1    1  2.75084E+08 0.25049 
  103  103    1    1     1     1     1    1    1    1  2.01187E+08 0.14954 
  104  104    1    1     1     1     1    1    1    1  3.65479E+08 0.17981 
  105  105    1    1     1     1     1    1    1    1  4.30931E+08 0.11378 
