
DETspecTot = [
    1    1    1    1     1     1     1    1    1    1  0.00000E+00 0.00000 
    2    2    1    1     1     1     1    1    1    1  0.00000E+00 0.00000 
    3    3    1    1     1     1     1    1    1    1  0.00000E+00 0.00000 
    4    4    1    1     1     1     1    1    1    1  0.00000E+00 0.00000 
    5    5    1    1     1     1     1    1    1    1  0.00000E+00 0.00000 
    6    6    1    1     1     1     1    1    1    1  0.00000E+00 0.00000 
    7    7    1    1     1     1     1    1    1    1  0.00000E+00 0.00000 
    8    8    1    1     1     1     1    1    1    1  0.00000E+00 0.00000 
    9    9    1    1     1     1     1    1    1    1  0.00000E+00 0.00000 
   10   10    1    1     1     1     1    1    1    1  0.00000E+00 0.00000 
   11   11    1    1     1     1     1    1    1    1  0.00000E+00 0.00000 
   12   12    1    1     1     1     1    1    1    1  0.00000E+00 0.00000 
   13   13    1    1     1     1     1    1    1    1  1.20910E+05 1.00000 
   14   14    1    1     1     1     1    1    1    1  0.00000E+00 0.00000 
   15   15    1    1     1     1     1    1    1    1  2.06425E+05 1.00000 
   16   16    1    1     1     1     1    1    1    1  0.00000E+00 0.00000 
   17   17    1    1     1     1     1    1    1    1  0.00000E+00 0.00000 
   18   18    1    1     1     1     1    1    1    1  0.00000E+00 0.00000 
   19   19    1    1     1     1     1    1    1    1  0.00000E+00 0.00000 
   20   20    1    1     1     1     1    1    1    1  0.00000E+00 0.00000 
   21   21    1    1     1     1     1    1    1    1  0.00000E+00 0.00000 
   22   22    1    1     1     1     1    1    1    1  0.00000E+00 0.00000 
   23   23    1    1     1     1     1    1    1    1  0.00000E+00 0.00000 
   24   24    1    1     1     1     1    1    1    1  0.00000E+00 0.00000 
   25   25    1    1     1     1     1    1    1    1  1.12846E+06 1.00000 
   26   26    1    1     1     1     1    1    1    1  0.00000E+00 0.00000 
   27   27    1    1     1     1     1    1    1    1  0.00000E+00 0.00000 
   28   28    1    1     1     1     1    1    1    1  0.00000E+00 0.00000 
   29   29    1    1     1     1     1    1    1    1  0.00000E+00 0.00000 
   30   30    1    1     1     1     1    1    1    1  0.00000E+00 0.00000 
   31   31    1    1     1     1     1    1    1    1  0.00000E+00 0.00000 
   32   32    1    1     1     1     1    1    1    1  0.00000E+00 0.00000 
   33   33    1    1     1     1     1    1    1    1  0.00000E+00 0.00000 
   34   34    1    1     1     1     1    1    1    1  1.62724E+06 1.00000 
   35   35    1    1     1     1     1    1    1    1  0.00000E+00 0.00000 
   36   36    1    1     1     1     1    1    1    1  1.91080E+06 1.00000 
   37   37    1    1     1     1     1    1    1    1  0.00000E+00 0.00000 
   38   38    1    1     1     1     1    1    1    1  0.00000E+00 0.00000 
   39   39    1    1     1     1     1    1    1    1  0.00000E+00 0.00000 
   40   40    1    1     1     1     1    1    1    1  0.00000E+00 0.00000 
   41   41    1    1     1     1     1    1    1    1  0.00000E+00 0.00000 
   42   42    1    1     1     1     1    1    1    1  0.00000E+00 0.00000 
   43   43    1    1     1     1     1    1    1    1  0.00000E+00 0.00000 
   44   44    1    1     1     1     1    1    1    1  2.57921E+06 1.00000 
   45   45    1    1     1     1     1    1    1    1  0.00000E+00 0.00000 
   46   46    1    1     1     1     1    1    1    1  0.00000E+00 0.00000 
   47   47    1    1     1     1     1    1    1    1  0.00000E+00 0.00000 
   48   48    1    1     1     1     1    1    1    1  2.45967E+05 1.00000 
   49   49    1    1     1     1     1    1    1    1  0.00000E+00 0.00000 
   50   50    1    1     1     1     1    1    1    1  0.00000E+00 0.00000 
   51   51    1    1     1     1     1    1    1    1  0.00000E+00 0.00000 
   52   52    1    1     1     1     1    1    1    1  0.00000E+00 0.00000 
   53   53    1    1     1     1     1    1    1    1  0.00000E+00 0.00000 
   54   54    1    1     1     1     1    1    1    1  0.00000E+00 0.00000 
   55   55    1    1     1     1     1    1    1    1  2.18233E+06 1.00000 
   56   56    1    1     1     1     1    1    1    1  0.00000E+00 0.00000 
   57   57    1    1     1     1     1    1    1    1  0.00000E+00 0.00000 
   58   58    1    1     1     1     1    1    1    1  1.21534E+06 1.00000 
   59   59    1    1     1     1     1    1    1    1  0.00000E+00 0.00000 
   60   60    1    1     1     1     1    1    1    1  0.00000E+00 0.00000 
   61   61    1    1     1     1     1    1    1    1  0.00000E+00 0.00000 
   62   62    1    1     1     1     1    1    1    1  1.70683E+06 0.71094 
   63   63    1    1     1     1     1    1    1    1  0.00000E+00 0.00000 
   64   64    1    1     1     1     1    1    1    1  3.59498E+06 1.00000 
   65   65    1    1     1     1     1    1    1    1  3.10945E+06 0.61562 
   66   66    1    1     1     1     1    1    1    1  0.00000E+00 0.00000 
   67   67    1    1     1     1     1    1    1    1  0.00000E+00 0.00000 
   68   68    1    1     1     1     1    1    1    1  8.39259E+06 1.00000 
   69   69    1    1     1     1     1    1    1    1  1.03028E+07 0.73808 
   70   70    1    1     1     1     1    1    1    1  1.91383E+06 0.64843 
   71   71    1    1     1     1     1    1    1    1  2.99944E+06 0.71687 
   72   72    1    1     1     1     1    1    1    1  2.07870E+07 0.58111 
   73   73    1    1     1     1     1    1    1    1  1.82512E+07 0.57144 
   74   74    1    1     1     1     1    1    1    1  4.93220E+07 0.50080 
   75   75    1    1     1     1     1    1    1    1  3.12083E+06 0.57722 
   76   76    1    1     1     1     1    1    1    1  8.46280E+06 0.62337 
   77   77    1    1     1     1     1    1    1    1  4.13125E+07 0.55188 
   78   78    1    1     1     1     1    1    1    1  4.31967E+06 1.00000 
   79   79    1    1     1     1     1    1    1    1  4.55105E+06 0.50336 
   80   80    1    1     1     1     1    1    1    1  1.16312E+07 0.57733 
   81   81    1    1     1     1     1    1    1    1  2.91299E+06 0.70770 
   82   82    1    1     1     1     1    1    1    1  5.10656E+07 0.39221 
   83   83    1    1     1     1     1    1    1    1  6.59188E+07 0.33651 
   84   84    1    1     1     1     1    1    1    1  2.24623E+07 0.30781 
   85   85    1    1     1     1     1    1    1    1  3.28674E+07 0.25251 
   86   86    1    1     1     1     1    1    1    1  6.39867E+07 0.35234 
   87   87    1    1     1     1     1    1    1    1  1.58357E+07 0.37222 
   88   88    1    1     1     1     1    1    1    1  9.03346E+07 0.25216 
   89   89    1    1     1     1     1    1    1    1  6.06986E+07 0.30273 
   90   90    1    1     1     1     1    1    1    1  3.03396E+07 0.32950 
   91   91    1    1     1     1     1    1    1    1  5.56291E+07 0.34217 
   92   92    1    1     1     1     1    1    1    1  9.52661E+07 0.28636 
   93   93    1    1     1     1     1    1    1    1  1.09422E+08 0.30164 
   94   94    1    1     1     1     1    1    1    1  1.12983E+08 0.24769 
   95   95    1    1     1     1     1    1    1    1  2.30879E+08 0.20081 
   96   96    1    1     1     1     1    1    1    1  7.66069E+07 0.27657 
   97   97    1    1     1     1     1    1    1    1  1.35681E+08 0.15763 
   98   98    1    1     1     1     1    1    1    1  1.49830E+08 0.22299 
   99   99    1    1     1     1     1    1    1    1  1.48473E+08 0.23355 
  100  100    1    1     1     1     1    1    1    1  2.21788E+08 0.15461 
  101  101    1    1     1     1     1    1    1    1  1.71000E+08 0.18536 
  102  102    1    1     1     1     1    1    1    1  2.30407E+08 0.31438 
  103  103    1    1     1     1     1    1    1    1  1.20555E+08 0.20848 
  104  104    1    1     1     1     1    1    1    1  3.33134E+08 0.21285 
  105  105    1    1     1     1     1    1    1    1  3.54144E+08 0.14290 
