
DETspecTot = [
    1    1    1    1     1     1     1    1    1    1  0.00000E+00 0.00000 
    2    2    1    1     1     1     1    1    1    1  0.00000E+00 0.00000 
    3    3    1    1     1     1     1    1    1    1  0.00000E+00 0.00000 
    4    4    1    1     1     1     1    1    1    1  0.00000E+00 0.00000 
    5    5    1    1     1     1     1    1    1    1  0.00000E+00 0.00000 
    6    6    1    1     1     1     1    1    1    1  0.00000E+00 0.00000 
    7    7    1    1     1     1     1    1    1    1  0.00000E+00 0.00000 
    8    8    1    1     1     1     1    1    1    1  0.00000E+00 0.00000 
    9    9    1    1     1     1     1    1    1    1  0.00000E+00 0.00000 
   10   10    1    1     1     1     1    1    1    1  0.00000E+00 0.00000 
   11   11    1    1     1     1     1    1    1    1  0.00000E+00 0.00000 
   12   12    1    1     1     1     1    1    1    1  0.00000E+00 0.00000 
   13   13    1    1     1     1     1    1    1    1  0.00000E+00 0.00000 
   14   14    1    1     1     1     1    1    1    1  0.00000E+00 0.00000 
   15   15    1    1     1     1     1    1    1    1  0.00000E+00 0.00000 
   16   16    1    1     1     1     1    1    1    1  0.00000E+00 0.00000 
   17   17    1    1     1     1     1    1    1    1  0.00000E+00 0.00000 
   18   18    1    1     1     1     1    1    1    1  0.00000E+00 0.00000 
   19   19    1    1     1     1     1    1    1    1  0.00000E+00 0.00000 
   20   20    1    1     1     1     1    1    1    1  0.00000E+00 0.00000 
   21   21    1    1     1     1     1    1    1    1  0.00000E+00 0.00000 
   22   22    1    1     1     1     1    1    1    1  0.00000E+00 0.00000 
   23   23    1    1     1     1     1    1    1    1  0.00000E+00 0.00000 
   24   24    1    1     1     1     1    1    1    1  0.00000E+00 0.00000 
   25   25    1    1     1     1     1    1    1    1  0.00000E+00 0.00000 
   26   26    1    1     1     1     1    1    1    1  0.00000E+00 0.00000 
   27   27    1    1     1     1     1    1    1    1  0.00000E+00 0.00000 
   28   28    1    1     1     1     1    1    1    1  0.00000E+00 0.00000 
   29   29    1    1     1     1     1    1    1    1  0.00000E+00 0.00000 
   30   30    1    1     1     1     1    1    1    1  0.00000E+00 0.00000 
   31   31    1    1     1     1     1    1    1    1  0.00000E+00 0.00000 
   32   32    1    1     1     1     1    1    1    1  0.00000E+00 0.00000 
   33   33    1    1     1     1     1    1    1    1  0.00000E+00 0.00000 
   34   34    1    1     1     1     1    1    1    1  0.00000E+00 0.00000 
   35   35    1    1     1     1     1    1    1    1  0.00000E+00 0.00000 
   36   36    1    1     1     1     1    1    1    1  0.00000E+00 0.00000 
   37   37    1    1     1     1     1    1    1    1  0.00000E+00 0.00000 
   38   38    1    1     1     1     1    1    1    1  0.00000E+00 0.00000 
   39   39    1    1     1     1     1    1    1    1  0.00000E+00 0.00000 
   40   40    1    1     1     1     1    1    1    1  0.00000E+00 0.00000 
   41   41    1    1     1     1     1    1    1    1  0.00000E+00 0.00000 
   42   42    1    1     1     1     1    1    1    1  0.00000E+00 0.00000 
   43   43    1    1     1     1     1    1    1    1  0.00000E+00 0.00000 
   44   44    1    1     1     1     1    1    1    1  0.00000E+00 0.00000 
   45   45    1    1     1     1     1    1    1    1  0.00000E+00 0.00000 
   46   46    1    1     1     1     1    1    1    1  0.00000E+00 0.00000 
   47   47    1    1     1     1     1    1    1    1  0.00000E+00 0.00000 
   48   48    1    1     1     1     1    1    1    1  0.00000E+00 0.00000 
   49   49    1    1     1     1     1    1    1    1  0.00000E+00 0.00000 
   50   50    1    1     1     1     1    1    1    1  0.00000E+00 0.00000 
   51   51    1    1     1     1     1    1    1    1  0.00000E+00 0.00000 
   52   52    1    1     1     1     1    1    1    1  0.00000E+00 0.00000 
   53   53    1    1     1     1     1    1    1    1  0.00000E+00 0.00000 
   54   54    1    1     1     1     1    1    1    1  1.41559E+06 1.00000 
   55   55    1    1     1     1     1    1    1    1  0.00000E+00 0.00000 
   56   56    1    1     1     1     1    1    1    1  0.00000E+00 0.00000 
   57   57    1    1     1     1     1    1    1    1  9.74791E+05 1.00000 
   58   58    1    1     1     1     1    1    1    1  0.00000E+00 0.00000 
   59   59    1    1     1     1     1    1    1    1  0.00000E+00 0.00000 
   60   60    1    1     1     1     1    1    1    1  0.00000E+00 0.00000 
   61   61    1    1     1     1     1    1    1    1  0.00000E+00 0.00000 
   62   62    1    1     1     1     1    1    1    1  0.00000E+00 0.00000 
   63   63    1    1     1     1     1    1    1    1  6.34433E+06 0.74930 
   64   64    1    1     1     1     1    1    1    1  4.15588E+06 1.00000 
   65   65    1    1     1     1     1    1    1    1  4.77909E+05 1.00000 
   66   66    1    1     1     1     1    1    1    1  0.00000E+00 0.00000 
   67   67    1    1     1     1     1    1    1    1  4.01412E+06 1.00000 
   68   68    1    1     1     1     1    1    1    1  0.00000E+00 0.00000 
   69   69    1    1     1     1     1    1    1    1  4.77632E+06 1.00000 
   70   70    1    1     1     1     1    1    1    1  1.27424E+06 1.00000 
   71   71    1    1     1     1     1    1    1    1  1.90750E+06 0.72834 
   72   72    1    1     1     1     1    1    1    1  1.92164E+07 0.67717 
   73   73    1    1     1     1     1    1    1    1  0.00000E+00 0.00000 
   74   74    1    1     1     1     1    1    1    1  4.09090E+06 0.70884 
   75   75    1    1     1     1     1    1    1    1  1.45172E+06 1.00000 
   76   76    1    1     1     1     1    1    1    1  2.43012E+06 1.00000 
   77   77    1    1     1     1     1    1    1    1  2.18923E+07 1.00000 
   78   78    1    1     1     1     1    1    1    1  5.89206E+06 1.00000 
   79   79    1    1     1     1     1    1    1    1  1.33442E+07 0.50964 
   80   80    1    1     1     1     1    1    1    1  1.80772E+06 1.00000 
   81   81    1    1     1     1     1    1    1    1  1.79228E+06 0.70761 
   82   82    1    1     1     1     1    1    1    1  3.69036E+07 0.41055 
   83   83    1    1     1     1     1    1    1    1  1.97778E+07 0.43883 
   84   84    1    1     1     1     1    1    1    1  1.44840E+07 0.48148 
   85   85    1    1     1     1     1    1    1    1  1.40358E+07 0.36833 
   86   86    1    1     1     1     1    1    1    1  5.36737E+07 0.45781 
   87   87    1    1     1     1     1    1    1    1  4.00959E+07 0.37815 
   88   88    1    1     1     1     1    1    1    1  8.18687E+07 0.34510 
   89   89    1    1     1     1     1    1    1    1  1.18989E+07 0.47286 
   90   90    1    1     1     1     1    1    1    1  3.19179E+07 0.28006 
   91   91    1    1     1     1     1    1    1    1  3.54526E+07 0.31464 
   92   92    1    1     1     1     1    1    1    1  7.03520E+07 0.38471 
   93   93    1    1     1     1     1    1    1    1  4.46973E+06 1.00000 
   94   94    1    1     1     1     1    1    1    1  4.83790E+07 0.38923 
   95   95    1    1     1     1     1    1    1    1  5.29609E+07 0.33194 
   96   96    1    1     1     1     1    1    1    1  4.89440E+07 0.36395 
   97   97    1    1     1     1     1    1    1    1  9.81049E+07 0.27403 
   98   98    1    1     1     1     1    1    1    1  6.22590E+07 0.38028 
   99   99    1    1     1     1     1    1    1    1  6.09347E+07 0.38733 
  100  100    1    1     1     1     1    1    1    1  1.09500E+08 0.27164 
  101  101    1    1     1     1     1    1    1    1  1.06551E+08 0.23421 
  102  102    1    1     1     1     1    1    1    1  6.60947E+07 0.38492 
  103  103    1    1     1     1     1    1    1    1  9.41700E+07 0.23460 
  104  104    1    1     1     1     1    1    1    1  7.33454E+07 0.33419 
  105  105    1    1     1     1     1    1    1    1  2.00400E+08 0.20525 
