
DETspecTot = [
    1    1    1    1     1     1     1    1    1    1  0.00000E+00 0.00000 
    2    2    1    1     1     1     1    1    1    1  0.00000E+00 0.00000 
    3    3    1    1     1     1     1    1    1    1  0.00000E+00 0.00000 
    4    4    1    1     1     1     1    1    1    1  0.00000E+00 0.00000 
    5    5    1    1     1     1     1    1    1    1  0.00000E+00 0.00000 
    6    6    1    1     1     1     1    1    1    1  0.00000E+00 0.00000 
    7    7    1    1     1     1     1    1    1    1  0.00000E+00 0.00000 
    8    8    1    1     1     1     1    1    1    1  0.00000E+00 0.00000 
    9    9    1    1     1     1     1    1    1    1  0.00000E+00 0.00000 
   10   10    1    1     1     1     1    1    1    1  0.00000E+00 0.00000 
   11   11    1    1     1     1     1    1    1    1  0.00000E+00 0.00000 
   12   12    1    1     1     1     1    1    1    1  0.00000E+00 0.00000 
   13   13    1    1     1     1     1    1    1    1  0.00000E+00 0.00000 
   14   14    1    1     1     1     1    1    1    1  0.00000E+00 0.00000 
   15   15    1    1     1     1     1    1    1    1  0.00000E+00 0.00000 
   16   16    1    1     1     1     1    1    1    1  0.00000E+00 0.00000 
   17   17    1    1     1     1     1    1    1    1  0.00000E+00 0.00000 
   18   18    1    1     1     1     1    1    1    1  0.00000E+00 0.00000 
   19   19    1    1     1     1     1    1    1    1  0.00000E+00 0.00000 
   20   20    1    1     1     1     1    1    1    1  3.11016E+05 1.00000 
   21   21    1    1     1     1     1    1    1    1  0.00000E+00 0.00000 
   22   22    1    1     1     1     1    1    1    1  0.00000E+00 0.00000 
   23   23    1    1     1     1     1    1    1    1  0.00000E+00 0.00000 
   24   24    1    1     1     1     1    1    1    1  0.00000E+00 0.00000 
   25   25    1    1     1     1     1    1    1    1  0.00000E+00 0.00000 
   26   26    1    1     1     1     1    1    1    1  0.00000E+00 0.00000 
   27   27    1    1     1     1     1    1    1    1  0.00000E+00 0.00000 
   28   28    1    1     1     1     1    1    1    1  0.00000E+00 0.00000 
   29   29    1    1     1     1     1    1    1    1  0.00000E+00 0.00000 
   30   30    1    1     1     1     1    1    1    1  0.00000E+00 0.00000 
   31   31    1    1     1     1     1    1    1    1  0.00000E+00 0.00000 
   32   32    1    1     1     1     1    1    1    1  0.00000E+00 0.00000 
   33   33    1    1     1     1     1    1    1    1  0.00000E+00 0.00000 
   34   34    1    1     1     1     1    1    1    1  0.00000E+00 0.00000 
   35   35    1    1     1     1     1    1    1    1  0.00000E+00 0.00000 
   36   36    1    1     1     1     1    1    1    1  2.39112E+06 1.00000 
   37   37    1    1     1     1     1    1    1    1  2.12674E+06 1.00000 
   38   38    1    1     1     1     1    1    1    1  0.00000E+00 0.00000 
   39   39    1    1     1     1     1    1    1    1  0.00000E+00 0.00000 
   40   40    1    1     1     1     1    1    1    1  0.00000E+00 0.00000 
   41   41    1    1     1     1     1    1    1    1  0.00000E+00 0.00000 
   42   42    1    1     1     1     1    1    1    1  0.00000E+00 0.00000 
   43   43    1    1     1     1     1    1    1    1  0.00000E+00 0.00000 
   44   44    1    1     1     1     1    1    1    1  3.81239E+06 1.00000 
   45   45    1    1     1     1     1    1    1    1  0.00000E+00 0.00000 
   46   46    1    1     1     1     1    1    1    1  1.52573E+06 0.70913 
   47   47    1    1     1     1     1    1    1    1  0.00000E+00 0.00000 
   48   48    1    1     1     1     1    1    1    1  0.00000E+00 0.00000 
   49   49    1    1     1     1     1    1    1    1  0.00000E+00 0.00000 
   50   50    1    1     1     1     1    1    1    1  0.00000E+00 0.00000 
   51   51    1    1     1     1     1    1    1    1  0.00000E+00 0.00000 
   52   52    1    1     1     1     1    1    1    1  0.00000E+00 0.00000 
   53   53    1    1     1     1     1    1    1    1  2.97947E+06 1.00000 
   54   54    1    1     1     1     1    1    1    1  0.00000E+00 0.00000 
   55   55    1    1     1     1     1    1    1    1  2.56115E+06 1.00000 
   56   56    1    1     1     1     1    1    1    1  0.00000E+00 0.00000 
   57   57    1    1     1     1     1    1    1    1  0.00000E+00 0.00000 
   58   58    1    1     1     1     1    1    1    1  1.30030E+06 1.00000 
   59   59    1    1     1     1     1    1    1    1  0.00000E+00 0.00000 
   60   60    1    1     1     1     1    1    1    1  9.59151E+05 1.00000 
   61   61    1    1     1     1     1    1    1    1  0.00000E+00 0.00000 
   62   62    1    1     1     1     1    1    1    1  4.58632E+05 0.70729 
   63   63    1    1     1     1     1    1    1    1  6.96727E+06 1.00000 
   64   64    1    1     1     1     1    1    1    1  7.42358E+06 1.00000 
   65   65    1    1     1     1     1    1    1    1  2.97890E+05 1.00000 
   66   66    1    1     1     1     1    1    1    1  1.45798E+07 1.00000 
   67   67    1    1     1     1     1    1    1    1  2.98973E+06 1.00000 
   68   68    1    1     1     1     1    1    1    1  4.76957E+07 1.00000 
   69   69    1    1     1     1     1    1    1    1  1.43901E+07 1.00000 
   70   70    1    1     1     1     1    1    1    1  2.25030E+06 0.68007 
   71   71    1    1     1     1     1    1    1    1  1.86533E+06 0.72415 
   72   72    1    1     1     1     1    1    1    1  0.00000E+00 0.00000 
   73   73    1    1     1     1     1    1    1    1  1.16121E+07 0.57159 
   74   74    1    1     1     1     1    1    1    1  2.18747E+07 0.62016 
   75   75    1    1     1     1     1    1    1    1  2.14638E+06 0.72830 
   76   76    1    1     1     1     1    1    1    1  1.77795E+06 1.00000 
   77   77    1    1     1     1     1    1    1    1  1.25016E+07 0.60132 
   78   78    1    1     1     1     1    1    1    1  1.45863E+07 0.44775 
   79   79    1    1     1     1     1    1    1    1  6.17553E+06 0.67724 
   80   80    1    1     1     1     1    1    1    1  1.14814E+07 0.54386 
   81   81    1    1     1     1     1    1    1    1  3.62103E+06 0.58419 
   82   82    1    1     1     1     1    1    1    1  1.16402E+07 0.50744 
   83   83    1    1     1     1     1    1    1    1  5.33703E+06 1.00000 
   84   84    1    1     1     1     1    1    1    1  1.56020E+07 0.49582 
   85   85    1    1     1     1     1    1    1    1  9.12132E+06 0.49837 
   86   86    1    1     1     1     1    1    1    1  8.78485E+06 0.74185 
   87   87    1    1     1     1     1    1    1    1  1.15840E+07 0.67578 
   88   88    1    1     1     1     1    1    1    1  4.44061E+07 0.43299 
   89   89    1    1     1     1     1    1    1    1  3.93925E+07 0.38610 
   90   90    1    1     1     1     1    1    1    1  2.54146E+07 0.33207 
   91   91    1    1     1     1     1    1    1    1  2.56194E+07 0.36007 
   92   92    1    1     1     1     1    1    1    1  3.97478E+07 0.42200 
   93   93    1    1     1     1     1    1    1    1  4.08827E+07 0.36936 
   94   94    1    1     1     1     1    1    1    1  5.37612E+07 0.31492 
   95   95    1    1     1     1     1    1    1    1  7.68634E+07 0.25464 
   96   96    1    1     1     1     1    1    1    1  9.20490E+07 0.24539 
   97   97    1    1     1     1     1    1    1    1  8.70750E+07 0.20455 
   98   98    1    1     1     1     1    1    1    1  7.55411E+07 0.26401 
   99   99    1    1     1     1     1    1    1    1  9.97229E+07 0.31606 
  100  100    1    1     1     1     1    1    1    1  1.33054E+08 0.19955 
  101  101    1    1     1     1     1    1    1    1  1.82163E+08 0.19191 
  102  102    1    1     1     1     1    1    1    1  2.18227E+08 0.28626 
  103  103    1    1     1     1     1    1    1    1  8.77279E+07 0.22133 
  104  104    1    1     1     1     1    1    1    1  2.32308E+08 0.23331 
  105  105    1    1     1     1     1    1    1    1  2.52277E+08 0.17670 
