
DETspecTot = [
    1    1    1    1     1     1     1    1    1    1  0.00000E+00 0.00000 
    2    2    1    1     1     1     1    1    1    1  0.00000E+00 0.00000 
    3    3    1    1     1     1     1    1    1    1  0.00000E+00 0.00000 
    4    4    1    1     1     1     1    1    1    1  0.00000E+00 0.00000 
    5    5    1    1     1     1     1    1    1    1  0.00000E+00 0.00000 
    6    6    1    1     1     1     1    1    1    1  0.00000E+00 0.00000 
    7    7    1    1     1     1     1    1    1    1  0.00000E+00 0.00000 
    8    8    1    1     1     1     1    1    1    1  0.00000E+00 0.00000 
    9    9    1    1     1     1     1    1    1    1  0.00000E+00 0.00000 
   10   10    1    1     1     1     1    1    1    1  0.00000E+00 0.00000 
   11   11    1    1     1     1     1    1    1    1  0.00000E+00 0.00000 
   12   12    1    1     1     1     1    1    1    1  0.00000E+00 0.00000 
   13   13    1    1     1     1     1    1    1    1  0.00000E+00 0.00000 
   14   14    1    1     1     1     1    1    1    1  0.00000E+00 0.00000 
   15   15    1    1     1     1     1    1    1    1  0.00000E+00 0.00000 
   16   16    1    1     1     1     1    1    1    1  0.00000E+00 0.00000 
   17   17    1    1     1     1     1    1    1    1  0.00000E+00 0.00000 
   18   18    1    1     1     1     1    1    1    1  0.00000E+00 0.00000 
   19   19    1    1     1     1     1    1    1    1  0.00000E+00 0.00000 
   20   20    1    1     1     1     1    1    1    1  0.00000E+00 0.00000 
   21   21    1    1     1     1     1    1    1    1  0.00000E+00 0.00000 
   22   22    1    1     1     1     1    1    1    1  0.00000E+00 0.00000 
   23   23    1    1     1     1     1    1    1    1  0.00000E+00 0.00000 
   24   24    1    1     1     1     1    1    1    1  0.00000E+00 0.00000 
   25   25    1    1     1     1     1    1    1    1  0.00000E+00 0.00000 
   26   26    1    1     1     1     1    1    1    1  0.00000E+00 0.00000 
   27   27    1    1     1     1     1    1    1    1  0.00000E+00 0.00000 
   28   28    1    1     1     1     1    1    1    1  0.00000E+00 0.00000 
   29   29    1    1     1     1     1    1    1    1  0.00000E+00 0.00000 
   30   30    1    1     1     1     1    1    1    1  0.00000E+00 0.00000 
   31   31    1    1     1     1     1    1    1    1  0.00000E+00 0.00000 
   32   32    1    1     1     1     1    1    1    1  0.00000E+00 0.00000 
   33   33    1    1     1     1     1    1    1    1  0.00000E+00 0.00000 
   34   34    1    1     1     1     1    1    1    1  0.00000E+00 0.00000 
   35   35    1    1     1     1     1    1    1    1  0.00000E+00 0.00000 
   36   36    1    1     1     1     1    1    1    1  0.00000E+00 0.00000 
   37   37    1    1     1     1     1    1    1    1  0.00000E+00 0.00000 
   38   38    1    1     1     1     1    1    1    1  0.00000E+00 0.00000 
   39   39    1    1     1     1     1    1    1    1  0.00000E+00 0.00000 
   40   40    1    1     1     1     1    1    1    1  0.00000E+00 0.00000 
   41   41    1    1     1     1     1    1    1    1  0.00000E+00 0.00000 
   42   42    1    1     1     1     1    1    1    1  0.00000E+00 0.00000 
   43   43    1    1     1     1     1    1    1    1  0.00000E+00 0.00000 
   44   44    1    1     1     1     1    1    1    1  0.00000E+00 0.00000 
   45   45    1    1     1     1     1    1    1    1  0.00000E+00 0.00000 
   46   46    1    1     1     1     1    1    1    1  6.33171E+05 1.00000 
   47   47    1    1     1     1     1    1    1    1  0.00000E+00 0.00000 
   48   48    1    1     1     1     1    1    1    1  0.00000E+00 0.00000 
   49   49    1    1     1     1     1    1    1    1  0.00000E+00 0.00000 
   50   50    1    1     1     1     1    1    1    1  0.00000E+00 0.00000 
   51   51    1    1     1     1     1    1    1    1  0.00000E+00 0.00000 
   52   52    1    1     1     1     1    1    1    1  0.00000E+00 0.00000 
   53   53    1    1     1     1     1    1    1    1  0.00000E+00 0.00000 
   54   54    1    1     1     1     1    1    1    1  0.00000E+00 0.00000 
   55   55    1    1     1     1     1    1    1    1  0.00000E+00 0.00000 
   56   56    1    1     1     1     1    1    1    1  0.00000E+00 0.00000 
   57   57    1    1     1     1     1    1    1    1  0.00000E+00 0.00000 
   58   58    1    1     1     1     1    1    1    1  0.00000E+00 0.00000 
   59   59    1    1     1     1     1    1    1    1  0.00000E+00 0.00000 
   60   60    1    1     1     1     1    1    1    1  0.00000E+00 0.00000 
   61   61    1    1     1     1     1    1    1    1  0.00000E+00 0.00000 
   62   62    1    1     1     1     1    1    1    1  0.00000E+00 0.00000 
   63   63    1    1     1     1     1    1    1    1  4.61579E+06 1.00000 
   64   64    1    1     1     1     1    1    1    1  2.33595E+06 1.00000 
   65   65    1    1     1     1     1    1    1    1  2.59034E+06 1.00000 
   66   66    1    1     1     1     1    1    1    1  0.00000E+00 0.00000 
   67   67    1    1     1     1     1    1    1    1  0.00000E+00 0.00000 
   68   68    1    1     1     1     1    1    1    1  0.00000E+00 0.00000 
   69   69    1    1     1     1     1    1    1    1  1.94110E+06 0.70706 
   70   70    1    1     1     1     1    1    1    1  1.20845E+06 1.00000 
   71   71    1    1     1     1     1    1    1    1  8.24948E+05 1.00000 
   72   72    1    1     1     1     1    1    1    1  4.58963E+06 1.00000 
   73   73    1    1     1     1     1    1    1    1  2.09503E+07 0.73871 
   74   74    1    1     1     1     1    1    1    1  3.60651E+06 1.00000 
   75   75    1    1     1     1     1    1    1    1  1.01144E+06 1.00000 
   76   76    1    1     1     1     1    1    1    1  0.00000E+00 0.00000 
   77   77    1    1     1     1     1    1    1    1  0.00000E+00 0.00000 
   78   78    1    1     1     1     1    1    1    1  0.00000E+00 0.00000 
   79   79    1    1     1     1     1    1    1    1  5.99293E+06 0.73075 
   80   80    1    1     1     1     1    1    1    1  0.00000E+00 0.00000 
   81   81    1    1     1     1     1    1    1    1  1.03543E+06 1.00000 
   82   82    1    1     1     1     1    1    1    1  1.09358E+07 0.53482 
   83   83    1    1     1     1     1    1    1    1  1.85167E+06 1.00000 
   84   84    1    1     1     1     1    1    1    1  2.12225E+07 0.68919 
   85   85    1    1     1     1     1    1    1    1  6.77921E+06 0.44060 
   86   86    1    1     1     1     1    1    1    1  1.85481E+06 1.00000 
   87   87    1    1     1     1     1    1    1    1  2.67809E+07 0.59103 
   88   88    1    1     1     1     1    1    1    1  2.73912E+06 0.70708 
   89   89    1    1     1     1     1    1    1    1  1.07401E+07 0.71474 
   90   90    1    1     1     1     1    1    1    1  8.20760E+06 0.46205 
   91   91    1    1     1     1     1    1    1    1  2.48647E+07 0.42236 
   92   92    1    1     1     1     1    1    1    1  4.04510E+07 0.59213 
   93   93    1    1     1     1     1    1    1    1  1.99434E+07 0.55678 
   94   94    1    1     1     1     1    1    1    1  5.65848E+07 0.40830 
   95   95    1    1     1     1     1    1    1    1  4.66792E+07 0.34816 
   96   96    1    1     1     1     1    1    1    1  1.94239E+07 0.46368 
   97   97    1    1     1     1     1    1    1    1  5.33467E+07 0.30151 
   98   98    1    1     1     1     1    1    1    1  3.53684E+07 0.53205 
   99   99    1    1     1     1     1    1    1    1  8.57230E+07 0.43267 
  100  100    1    1     1     1     1    1    1    1  6.87945E+07 0.30521 
  101  101    1    1     1     1     1    1    1    1  7.56509E+07 0.31151 
  102  102    1    1     1     1     1    1    1    1  9.60851E+07 0.36389 
  103  103    1    1     1     1     1    1    1    1  3.89077E+07 0.27644 
  104  104    1    1     1     1     1    1    1    1  1.09513E+08 0.29901 
  105  105    1    1     1     1     1    1    1    1  1.40793E+08 0.21795 
