
DETspecTot = [
    1    1    1    1     1     1     1    1    1    1  0.00000E+00 0.00000 
    2    2    1    1     1     1     1    1    1    1  0.00000E+00 0.00000 
    3    3    1    1     1     1     1    1    1    1  0.00000E+00 0.00000 
    4    4    1    1     1     1     1    1    1    1  0.00000E+00 0.00000 
    5    5    1    1     1     1     1    1    1    1  0.00000E+00 0.00000 
    6    6    1    1     1     1     1    1    1    1  0.00000E+00 0.00000 
    7    7    1    1     1     1     1    1    1    1  0.00000E+00 0.00000 
    8    8    1    1     1     1     1    1    1    1  0.00000E+00 0.00000 
    9    9    1    1     1     1     1    1    1    1  0.00000E+00 0.00000 
   10   10    1    1     1     1     1    1    1    1  0.00000E+00 0.00000 
   11   11    1    1     1     1     1    1    1    1  0.00000E+00 0.00000 
   12   12    1    1     1     1     1    1    1    1  0.00000E+00 0.00000 
   13   13    1    1     1     1     1    1    1    1  0.00000E+00 0.00000 
   14   14    1    1     1     1     1    1    1    1  0.00000E+00 0.00000 
   15   15    1    1     1     1     1    1    1    1  0.00000E+00 0.00000 
   16   16    1    1     1     1     1    1    1    1  0.00000E+00 0.00000 
   17   17    1    1     1     1     1    1    1    1  0.00000E+00 0.00000 
   18   18    1    1     1     1     1    1    1    1  0.00000E+00 0.00000 
   19   19    1    1     1     1     1    1    1    1  0.00000E+00 0.00000 
   20   20    1    1     1     1     1    1    1    1  0.00000E+00 0.00000 
   21   21    1    1     1     1     1    1    1    1  0.00000E+00 0.00000 
   22   22    1    1     1     1     1    1    1    1  0.00000E+00 0.00000 
   23   23    1    1     1     1     1    1    1    1  0.00000E+00 0.00000 
   24   24    1    1     1     1     1    1    1    1  0.00000E+00 0.00000 
   25   25    1    1     1     1     1    1    1    1  0.00000E+00 0.00000 
   26   26    1    1     1     1     1    1    1    1  0.00000E+00 0.00000 
   27   27    1    1     1     1     1    1    1    1  0.00000E+00 0.00000 
   28   28    1    1     1     1     1    1    1    1  0.00000E+00 0.00000 
   29   29    1    1     1     1     1    1    1    1  0.00000E+00 0.00000 
   30   30    1    1     1     1     1    1    1    1  0.00000E+00 0.00000 
   31   31    1    1     1     1     1    1    1    1  8.88278E+05 1.00000 
   32   32    1    1     1     1     1    1    1    1  0.00000E+00 0.00000 
   33   33    1    1     1     1     1    1    1    1  4.14864E+06 0.74231 
   34   34    1    1     1     1     1    1    1    1  1.86352E+06 1.00000 
   35   35    1    1     1     1     1    1    1    1  0.00000E+00 0.00000 
   36   36    1    1     1     1     1    1    1    1  0.00000E+00 0.00000 
   37   37    1    1     1     1     1    1    1    1  0.00000E+00 0.00000 
   38   38    1    1     1     1     1    1    1    1  0.00000E+00 0.00000 
   39   39    1    1     1     1     1    1    1    1  0.00000E+00 0.00000 
   40   40    1    1     1     1     1    1    1    1  3.87461E+05 1.00000 
   41   41    1    1     1     1     1    1    1    1  0.00000E+00 0.00000 
   42   42    1    1     1     1     1    1    1    1  0.00000E+00 0.00000 
   43   43    1    1     1     1     1    1    1    1  0.00000E+00 0.00000 
   44   44    1    1     1     1     1    1    1    1  0.00000E+00 0.00000 
   45   45    1    1     1     1     1    1    1    1  0.00000E+00 0.00000 
   46   46    1    1     1     1     1    1    1    1  0.00000E+00 0.00000 
   47   47    1    1     1     1     1    1    1    1  0.00000E+00 0.00000 
   48   48    1    1     1     1     1    1    1    1  0.00000E+00 0.00000 
   49   49    1    1     1     1     1    1    1    1  0.00000E+00 0.00000 
   50   50    1    1     1     1     1    1    1    1  0.00000E+00 0.00000 
   51   51    1    1     1     1     1    1    1    1  0.00000E+00 0.00000 
   52   52    1    1     1     1     1    1    1    1  0.00000E+00 0.00000 
   53   53    1    1     1     1     1    1    1    1  0.00000E+00 0.00000 
   54   54    1    1     1     1     1    1    1    1  0.00000E+00 0.00000 
   55   55    1    1     1     1     1    1    1    1  0.00000E+00 0.00000 
   56   56    1    1     1     1     1    1    1    1  0.00000E+00 0.00000 
   57   57    1    1     1     1     1    1    1    1  1.28538E+06 1.00000 
   58   58    1    1     1     1     1    1    1    1  1.06766E+07 0.60601 
   59   59    1    1     1     1     1    1    1    1  5.10284E+06 1.00000 
   60   60    1    1     1     1     1    1    1    1  4.78895E+06 0.72643 
   61   61    1    1     1     1     1    1    1    1  0.00000E+00 0.00000 
   62   62    1    1     1     1     1    1    1    1  1.53550E+06 0.64162 
   63   63    1    1     1     1     1    1    1    1  2.72674E+06 0.72214 
   64   64    1    1     1     1     1    1    1    1  2.27004E+06 1.00000 
   65   65    1    1     1     1     1    1    1    1  6.27795E+06 0.55491 
   66   66    1    1     1     1     1    1    1    1  4.57837E+06 0.58396 
   67   67    1    1     1     1     1    1    1    1  8.74582E+06 0.57806 
   68   68    1    1     1     1     1    1    1    1  8.39319E+06 1.00000 
   69   69    1    1     1     1     1    1    1    1  3.12762E+06 1.00000 
   70   70    1    1     1     1     1    1    1    1  1.22699E+06 0.75327 
   71   71    1    1     1     1     1    1    1    1  2.74538E+06 0.58762 
   72   72    1    1     1     1     1    1    1    1  6.33941E+06 0.70756 
   73   73    1    1     1     1     1    1    1    1  3.51670E+07 0.49546 
   74   74    1    1     1     1     1    1    1    1  8.88408E+06 1.00000 
   75   75    1    1     1     1     1    1    1    1  3.72402E+06 0.65704 
   76   76    1    1     1     1     1    1    1    1  7.18342E+06 0.51808 
   77   77    1    1     1     1     1    1    1    1  1.85208E+07 0.61112 
   78   78    1    1     1     1     1    1    1    1  0.00000E+00 0.00000 
   79   79    1    1     1     1     1    1    1    1  2.10109E+07 0.61233 
   80   80    1    1     1     1     1    1    1    1  5.42655E+06 0.74230 
   81   81    1    1     1     1     1    1    1    1  7.03276E+06 0.46851 
   82   82    1    1     1     1     1    1    1    1  2.91072E+07 0.42763 
   83   83    1    1     1     1     1    1    1    1  3.61620E+07 0.34928 
   84   84    1    1     1     1     1    1    1    1  3.06605E+07 0.31727 
   85   85    1    1     1     1     1    1    1    1  3.35297E+07 0.27812 
   86   86    1    1     1     1     1    1    1    1  7.02558E+07 0.30601 
   87   87    1    1     1     1     1    1    1    1  4.95011E+07 0.32936 
   88   88    1    1     1     1     1    1    1    1  8.80161E+07 0.27454 
   89   89    1    1     1     1     1    1    1    1  8.43560E+07 0.24480 
   90   90    1    1     1     1     1    1    1    1  6.49430E+07 0.22420 
   91   91    1    1     1     1     1    1    1    1  1.00557E+08 0.21421 
   92   92    1    1     1     1     1    1    1    1  7.30498E+07 0.32858 
   93   93    1    1     1     1     1    1    1    1  6.95270E+07 0.32661 
   94   94    1    1     1     1     1    1    1    1  6.18996E+07 0.27414 
   95   95    1    1     1     1     1    1    1    1  1.13628E+08 0.23850 
   96   96    1    1     1     1     1    1    1    1  1.51353E+08 0.20314 
   97   97    1    1     1     1     1    1    1    1  1.40696E+08 0.16173 
   98   98    1    1     1     1     1    1    1    1  1.30725E+08 0.24780 
   99   99    1    1     1     1     1    1    1    1  1.75596E+08 0.25131 
  100  100    1    1     1     1     1    1    1    1  2.05706E+08 0.16989 
  101  101    1    1     1     1     1    1    1    1  2.60141E+08 0.14288 
  102  102    1    1     1     1     1    1    1    1  3.23974E+08 0.21336 
  103  103    1    1     1     1     1    1    1    1  1.87426E+08 0.16410 
  104  104    1    1     1     1     1    1    1    1  2.76405E+08 0.20049 
  105  105    1    1     1     1     1    1    1    1  2.44222E+08 0.14384 
