
DETspecTot = [
    1    1    1    1     1     1     1    1    1    1  0.00000E+00 0.00000 
    2    2    1    1     1     1     1    1    1    1  0.00000E+00 0.00000 
    3    3    1    1     1     1     1    1    1    1  0.00000E+00 0.00000 
    4    4    1    1     1     1     1    1    1    1  0.00000E+00 0.00000 
    5    5    1    1     1     1     1    1    1    1  0.00000E+00 0.00000 
    6    6    1    1     1     1     1    1    1    1  0.00000E+00 0.00000 
    7    7    1    1     1     1     1    1    1    1  0.00000E+00 0.00000 
    8    8    1    1     1     1     1    1    1    1  0.00000E+00 0.00000 
    9    9    1    1     1     1     1    1    1    1  0.00000E+00 0.00000 
   10   10    1    1     1     1     1    1    1    1  0.00000E+00 0.00000 
   11   11    1    1     1     1     1    1    1    1  0.00000E+00 0.00000 
   12   12    1    1     1     1     1    1    1    1  1.92712E+05 1.00000 
   13   13    1    1     1     1     1    1    1    1  1.10005E+05 1.00000 
   14   14    1    1     1     1     1    1    1    1  0.00000E+00 0.00000 
   15   15    1    1     1     1     1    1    1    1  0.00000E+00 0.00000 
   16   16    1    1     1     1     1    1    1    1  0.00000E+00 0.00000 
   17   17    1    1     1     1     1    1    1    1  0.00000E+00 0.00000 
   18   18    1    1     1     1     1    1    1    1  0.00000E+00 0.00000 
   19   19    1    1     1     1     1    1    1    1  0.00000E+00 0.00000 
   20   20    1    1     1     1     1    1    1    1  0.00000E+00 0.00000 
   21   21    1    1     1     1     1    1    1    1  0.00000E+00 0.00000 
   22   22    1    1     1     1     1    1    1    1  1.19987E+05 1.00000 
   23   23    1    1     1     1     1    1    1    1  0.00000E+00 0.00000 
   24   24    1    1     1     1     1    1    1    1  9.76900E+05 0.72645 
   25   25    1    1     1     1     1    1    1    1  0.00000E+00 0.00000 
   26   26    1    1     1     1     1    1    1    1  0.00000E+00 0.00000 
   27   27    1    1     1     1     1    1    1    1  9.38826E+05 0.77270 
   28   28    1    1     1     1     1    1    1    1  0.00000E+00 0.00000 
   29   29    1    1     1     1     1    1    1    1  0.00000E+00 0.00000 
   30   30    1    1     1     1     1    1    1    1  2.21575E+05 1.00000 
   31   31    1    1     1     1     1    1    1    1  0.00000E+00 0.00000 
   32   32    1    1     1     1     1    1    1    1  0.00000E+00 0.00000 
   33   33    1    1     1     1     1    1    1    1  1.42819E+06 1.00000 
   34   34    1    1     1     1     1    1    1    1  1.71525E+06 1.00000 
   35   35    1    1     1     1     1    1    1    1  0.00000E+00 0.00000 
   36   36    1    1     1     1     1    1    1    1  1.84262E+06 1.00000 
   37   37    1    1     1     1     1    1    1    1  1.75055E+06 0.71300 
   38   38    1    1     1     1     1    1    1    1  0.00000E+00 0.00000 
   39   39    1    1     1     1     1    1    1    1  0.00000E+00 0.00000 
   40   40    1    1     1     1     1    1    1    1  0.00000E+00 0.00000 
   41   41    1    1     1     1     1    1    1    1  0.00000E+00 0.00000 
   42   42    1    1     1     1     1    1    1    1  0.00000E+00 0.00000 
   43   43    1    1     1     1     1    1    1    1  0.00000E+00 0.00000 
   44   44    1    1     1     1     1    1    1    1  0.00000E+00 0.00000 
   45   45    1    1     1     1     1    1    1    1  0.00000E+00 0.00000 
   46   46    1    1     1     1     1    1    1    1  1.41135E+06 0.72494 
   47   47    1    1     1     1     1    1    1    1  0.00000E+00 0.00000 
   48   48    1    1     1     1     1    1    1    1  0.00000E+00 0.00000 
   49   49    1    1     1     1     1    1    1    1  5.21765E+05 1.00000 
   50   50    1    1     1     1     1    1    1    1  0.00000E+00 0.00000 
   51   51    1    1     1     1     1    1    1    1  6.59923E+05 1.00000 
   52   52    1    1     1     1     1    1    1    1  0.00000E+00 0.00000 
   53   53    1    1     1     1     1    1    1    1  0.00000E+00 0.00000 
   54   54    1    1     1     1     1    1    1    1  0.00000E+00 0.00000 
   55   55    1    1     1     1     1    1    1    1  0.00000E+00 0.00000 
   56   56    1    1     1     1     1    1    1    1  0.00000E+00 0.00000 
   57   57    1    1     1     1     1    1    1    1  0.00000E+00 0.00000 
   58   58    1    1     1     1     1    1    1    1  8.03035E+06 0.52660 
   59   59    1    1     1     1     1    1    1    1  0.00000E+00 0.00000 
   60   60    1    1     1     1     1    1    1    1  2.37031E+07 0.72036 
   61   61    1    1     1     1     1    1    1    1  0.00000E+00 0.00000 
   62   62    1    1     1     1     1    1    1    1  3.37670E+06 0.70819 
   63   63    1    1     1     1     1    1    1    1  3.62533E+06 0.76566 
   64   64    1    1     1     1     1    1    1    1  9.86285E+06 0.77301 
   65   65    1    1     1     1     1    1    1    1  1.76224E+07 0.42499 
   66   66    1    1     1     1     1    1    1    1  2.82128E+06 1.00000 
   67   67    1    1     1     1     1    1    1    1  0.00000E+00 0.00000 
   68   68    1    1     1     1     1    1    1    1  5.06014E+07 0.62306 
   69   69    1    1     1     1     1    1    1    1  8.82953E+06 0.57954 
   70   70    1    1     1     1     1    1    1    1  2.50258E+06 0.53639 
   71   71    1    1     1     1     1    1    1    1  7.86643E+06 0.44474 
   72   72    1    1     1     1     1    1    1    1  1.57549E+07 0.50209 
   73   73    1    1     1     1     1    1    1    1  1.48921E+07 0.50175 
   74   74    1    1     1     1     1    1    1    1  1.99477E+07 0.64992 
   75   75    1    1     1     1     1    1    1    1  1.11489E+07 0.38010 
   76   76    1    1     1     1     1    1    1    1  1.18921E+07 0.39823 
   77   77    1    1     1     1     1    1    1    1  5.78422E+07 0.37524 
   78   78    1    1     1     1     1    1    1    1  2.97310E+07 0.42003 
   79   79    1    1     1     1     1    1    1    1  3.65592E+07 0.51608 
   80   80    1    1     1     1     1    1    1    1  1.47099E+07 0.46086 
   81   81    1    1     1     1     1    1    1    1  1.71025E+07 0.32816 
   82   82    1    1     1     1     1    1    1    1  4.49650E+07 0.35184 
   83   83    1    1     1     1     1    1    1    1  5.95213E+07 0.34145 
   84   84    1    1     1     1     1    1    1    1  2.30676E+07 0.29550 
   85   85    1    1     1     1     1    1    1    1  5.25069E+07 0.20207 
   86   86    1    1     1     1     1    1    1    1  9.05661E+07 0.28691 
   87   87    1    1     1     1     1    1    1    1  3.92942E+07 0.31820 
   88   88    1    1     1     1     1    1    1    1  6.22120E+07 0.36456 
   89   89    1    1     1     1     1    1    1    1  8.10498E+07 0.23013 
   90   90    1    1     1     1     1    1    1    1  8.72971E+07 0.21988 
   91   91    1    1     1     1     1    1    1    1  9.86945E+07 0.19985 
   92   92    1    1     1     1     1    1    1    1  1.28764E+08 0.28062 
   93   93    1    1     1     1     1    1    1    1  1.24102E+08 0.29086 
   94   94    1    1     1     1     1    1    1    1  1.21963E+08 0.19583 
   95   95    1    1     1     1     1    1    1    1  1.50440E+08 0.20836 
   96   96    1    1     1     1     1    1    1    1  1.43709E+08 0.19959 
   97   97    1    1     1     1     1    1    1    1  1.39030E+08 0.14339 
   98   98    1    1     1     1     1    1    1    1  1.68993E+08 0.19959 
   99   99    1    1     1     1     1    1    1    1  2.70282E+08 0.19208 
  100  100    1    1     1     1     1    1    1    1  2.61698E+08 0.15260 
  101  101    1    1     1     1     1    1    1    1  2.18574E+08 0.14746 
  102  102    1    1     1     1     1    1    1    1  2.91629E+08 0.24607 
  103  103    1    1     1     1     1    1    1    1  2.93060E+08 0.13920 
  104  104    1    1     1     1     1    1    1    1  3.18045E+08 0.19170 
  105  105    1    1     1     1     1    1    1    1  5.85987E+08 0.10512 
