
DETspecTot = [
    1    1    1    1     1     1     1    1    1    1  0.00000E+00 0.00000 
    2    2    1    1     1     1     1    1    1    1  0.00000E+00 0.00000 
    3    3    1    1     1     1     1    1    1    1  0.00000E+00 0.00000 
    4    4    1    1     1     1     1    1    1    1  0.00000E+00 0.00000 
    5    5    1    1     1     1     1    1    1    1  0.00000E+00 0.00000 
    6    6    1    1     1     1     1    1    1    1  0.00000E+00 0.00000 
    7    7    1    1     1     1     1    1    1    1  0.00000E+00 0.00000 
    8    8    1    1     1     1     1    1    1    1  0.00000E+00 0.00000 
    9    9    1    1     1     1     1    1    1    1  0.00000E+00 0.00000 
   10   10    1    1     1     1     1    1    1    1  0.00000E+00 0.00000 
   11   11    1    1     1     1     1    1    1    1  0.00000E+00 0.00000 
   12   12    1    1     1     1     1    1    1    1  0.00000E+00 0.00000 
   13   13    1    1     1     1     1    1    1    1  0.00000E+00 0.00000 
   14   14    1    1     1     1     1    1    1    1  0.00000E+00 0.00000 
   15   15    1    1     1     1     1    1    1    1  0.00000E+00 0.00000 
   16   16    1    1     1     1     1    1    1    1  0.00000E+00 0.00000 
   17   17    1    1     1     1     1    1    1    1  2.41367E+05 1.00000 
   18   18    1    1     1     1     1    1    1    1  0.00000E+00 0.00000 
   19   19    1    1     1     1     1    1    1    1  0.00000E+00 0.00000 
   20   20    1    1     1     1     1    1    1    1  0.00000E+00 0.00000 
   21   21    1    1     1     1     1    1    1    1  0.00000E+00 0.00000 
   22   22    1    1     1     1     1    1    1    1  0.00000E+00 0.00000 
   23   23    1    1     1     1     1    1    1    1  2.15447E+05 1.00000 
   24   24    1    1     1     1     1    1    1    1  0.00000E+00 0.00000 
   25   25    1    1     1     1     1    1    1    1  0.00000E+00 0.00000 
   26   26    1    1     1     1     1    1    1    1  0.00000E+00 0.00000 
   27   27    1    1     1     1     1    1    1    1  2.53205E+05 1.00000 
   28   28    1    1     1     1     1    1    1    1  0.00000E+00 0.00000 
   29   29    1    1     1     1     1    1    1    1  0.00000E+00 0.00000 
   30   30    1    1     1     1     1    1    1    1  0.00000E+00 0.00000 
   31   31    1    1     1     1     1    1    1    1  0.00000E+00 0.00000 
   32   32    1    1     1     1     1    1    1    1  0.00000E+00 0.00000 
   33   33    1    1     1     1     1    1    1    1  0.00000E+00 0.00000 
   34   34    1    1     1     1     1    1    1    1  0.00000E+00 0.00000 
   35   35    1    1     1     1     1    1    1    1  0.00000E+00 0.00000 
   36   36    1    1     1     1     1    1    1    1  0.00000E+00 0.00000 
   37   37    1    1     1     1     1    1    1    1  1.76420E+06 1.00000 
   38   38    1    1     1     1     1    1    1    1  0.00000E+00 0.00000 
   39   39    1    1     1     1     1    1    1    1  0.00000E+00 0.00000 
   40   40    1    1     1     1     1    1    1    1  0.00000E+00 0.00000 
   41   41    1    1     1     1     1    1    1    1  0.00000E+00 0.00000 
   42   42    1    1     1     1     1    1    1    1  0.00000E+00 0.00000 
   43   43    1    1     1     1     1    1    1    1  0.00000E+00 0.00000 
   44   44    1    1     1     1     1    1    1    1  0.00000E+00 0.00000 
   45   45    1    1     1     1     1    1    1    1  0.00000E+00 0.00000 
   46   46    1    1     1     1     1    1    1    1  0.00000E+00 0.00000 
   47   47    1    1     1     1     1    1    1    1  0.00000E+00 0.00000 
   48   48    1    1     1     1     1    1    1    1  0.00000E+00 0.00000 
   49   49    1    1     1     1     1    1    1    1  0.00000E+00 0.00000 
   50   50    1    1     1     1     1    1    1    1  0.00000E+00 0.00000 
   51   51    1    1     1     1     1    1    1    1  0.00000E+00 0.00000 
   52   52    1    1     1     1     1    1    1    1  0.00000E+00 0.00000 
   53   53    1    1     1     1     1    1    1    1  0.00000E+00 0.00000 
   54   54    1    1     1     1     1    1    1    1  0.00000E+00 0.00000 
   55   55    1    1     1     1     1    1    1    1  0.00000E+00 0.00000 
   56   56    1    1     1     1     1    1    1    1  0.00000E+00 0.00000 
   57   57    1    1     1     1     1    1    1    1  0.00000E+00 0.00000 
   58   58    1    1     1     1     1    1    1    1  4.96798E+06 0.60668 
   59   59    1    1     1     1     1    1    1    1  1.42709E+07 0.75120 
   60   60    1    1     1     1     1    1    1    1  8.68116E+06 0.74444 
   61   61    1    1     1     1     1    1    1    1  0.00000E+00 0.00000 
   62   62    1    1     1     1     1    1    1    1  1.72589E+06 0.69726 
   63   63    1    1     1     1     1    1    1    1  2.40550E+06 0.70700 
   64   64    1    1     1     1     1    1    1    1  3.63727E+06 1.00000 
   65   65    1    1     1     1     1    1    1    1  6.18699E+06 0.52809 
   66   66    1    1     1     1     1    1    1    1  0.00000E+00 0.00000 
   67   67    1    1     1     1     1    1    1    1  1.01737E+07 0.58714 
   68   68    1    1     1     1     1    1    1    1  3.48557E+07 0.60965 
   69   69    1    1     1     1     1    1    1    1  3.74466E+06 1.00000 
   70   70    1    1     1     1     1    1    1    1  1.76408E+06 0.61769 
   71   71    1    1     1     1     1    1    1    1  6.53100E+05 1.00000 
   72   72    1    1     1     1     1    1    1    1  2.31394E+07 0.38021 
   73   73    1    1     1     1     1    1    1    1  2.08955E+07 0.74918 
   74   74    1    1     1     1     1    1    1    1  1.07351E+07 0.70915 
   75   75    1    1     1     1     1    1    1    1  3.67447E+06 0.65048 
   76   76    1    1     1     1     1    1    1    1  3.83962E+06 1.00000 
   77   77    1    1     1     1     1    1    1    1  3.43291E+07 0.67488 
   78   78    1    1     1     1     1    1    1    1  3.17856E+06 1.00000 
   79   79    1    1     1     1     1    1    1    1  2.51772E+07 0.49059 
   80   80    1    1     1     1     1    1    1    1  2.45485E+07 0.38107 
   81   81    1    1     1     1     1    1    1    1  1.17724E+07 0.34875 
   82   82    1    1     1     1     1    1    1    1  8.21725E+07 0.33527 
   83   83    1    1     1     1     1    1    1    1  6.25276E+07 0.26969 
   84   84    1    1     1     1     1    1    1    1  3.18519E+07 0.27344 
   85   85    1    1     1     1     1    1    1    1  2.18426E+07 0.39393 
   86   86    1    1     1     1     1    1    1    1  6.36477E+07 0.45314 
   87   87    1    1     1     1     1    1    1    1  2.94208E+07 0.38930 
   88   88    1    1     1     1     1    1    1    1  2.36642E+07 0.42601 
   89   89    1    1     1     1     1    1    1    1  4.41690E+07 0.37280 
   90   90    1    1     1     1     1    1    1    1  5.32109E+07 0.28548 
   91   91    1    1     1     1     1    1    1    1  7.88248E+07 0.21409 
   92   92    1    1     1     1     1    1    1    1  1.17167E+08 0.29591 
   93   93    1    1     1     1     1    1    1    1  1.00614E+08 0.30084 
   94   94    1    1     1     1     1    1    1    1  1.04018E+08 0.24454 
   95   95    1    1     1     1     1    1    1    1  2.11866E+08 0.21071 
   96   96    1    1     1     1     1    1    1    1  6.84595E+07 0.23710 
   97   97    1    1     1     1     1    1    1    1  1.25064E+08 0.16656 
   98   98    1    1     1     1     1    1    1    1  1.29761E+08 0.22343 
   99   99    1    1     1     1     1    1    1    1  5.46333E+07 0.33079 
  100  100    1    1     1     1     1    1    1    1  1.83261E+08 0.19823 
  101  101    1    1     1     1     1    1    1    1  1.34870E+08 0.19068 
  102  102    1    1     1     1     1    1    1    1  2.63231E+08 0.23709 
  103  103    1    1     1     1     1    1    1    1  1.39285E+08 0.16174 
  104  104    1    1     1     1     1    1    1    1  2.70025E+08 0.21221 
  105  105    1    1     1     1     1    1    1    1  2.84166E+08 0.14938 
