
ZAI = [
666
0
];

NAMES = [
'lost            '
'total           '
];

iLOST    = 1;
iTOT     = 2;

MAT_NaCl_AnCl3_VOLUME = [ 1.00000E+00 1.00000E+00 1.00000E+00 1.00000E+00 1.00000E+00 1.00000E+00 1.00000E+00 1.00000E+00 1.00000E+00 1.00000E+00 1.00000E+00 1.00000E+00 1.00000E+00 1.00000E+00 1.00000E+00 1.00000E+00 1.00000E+00 1.00000E+00 1.00000E+00 1.00000E+00 1.00000E+00 1.00000E+00 1.00000E+00 1.00000E+00 1.00000E+00 1.00000E+00 1.00000E+00 ];

MAT_NaCl_AnCl3_BURNUP = [ 0.00000E+00 5.00020E+00 1.00004E+01 2.00007E+01 3.00011E+01 4.00014E+01 5.00017E+01 6.00020E+01 7.00022E+01 8.00025E+01 9.00027E+01 1.00003E+02 1.10003E+02 1.20003E+02 1.30003E+02 1.40004E+02 1.50004E+02 1.60004E+02 1.70004E+02 1.80004E+02 1.90004E+02 2.00004E+02 2.10004E+02 2.20005E+02 2.30005E+02 2.40005E+02 2.50005E+02 ];

MAT_NaCl_AnCl3_ADENS = [
0.00000E+00 3.72839E-13 1.09666E-12 2.79901E-12 4.53223E-12 6.23281E-12 7.89581E-12 9.52270E-12 1.11155E-11 1.26760E-11 1.42059E-11 1.57068E-11 1.71797E-11 1.86262E-11 2.00471E-11 2.14432E-11 2.28151E-11 2.41640E-11 2.54903E-11 2.67949E-11 2.80781E-11 2.93405E-11 3.05826E-11 3.18045E-11 3.30065E-11 3.41893E-11 3.53531E-11 % lost data
3.41087E-02 3.41406E-02 3.41784E-02 3.42584E-02 3.43393E-02 3.44201E-02 3.45007E-02 3.45811E-02 3.46612E-02 3.47410E-02 3.48206E-02 3.49000E-02 3.49791E-02 3.50580E-02 3.51366E-02 3.52149E-02 3.52930E-02 3.53708E-02 3.54483E-02 3.55255E-02 3.56025E-02 3.56791E-02 3.57555E-02 3.58315E-02 3.59073E-02 3.59827E-02 3.60577E-02 % total
];

MAT_NaCl_AnCl3_MDENS = [
0.00000E+00 0.00000E+00 0.00000E+00 0.00000E+00 0.00000E+00 0.00000E+00 0.00000E+00 0.00000E+00 0.00000E+00 0.00000E+00 0.00000E+00 0.00000E+00 0.00000E+00 0.00000E+00 0.00000E+00 0.00000E+00 0.00000E+00 0.00000E+00 0.00000E+00 0.00000E+00 0.00000E+00 0.00000E+00 0.00000E+00 0.00000E+00 0.00000E+00 0.00000E+00 0.00000E+00 % lost data
3.31630E+00 3.31628E+00 3.31625E+00 3.31620E+00 3.31615E+00 3.31610E+00 3.31606E+00 3.31601E+00 3.31596E+00 3.31591E+00 3.31587E+00 3.31582E+00 3.31578E+00 3.31574E+00 3.31569E+00 3.31565E+00 3.31561E+00 3.31557E+00 3.31553E+00 3.31549E+00 3.31545E+00 3.31541E+00 3.31537E+00 3.31533E+00 3.31530E+00 3.31526E+00 3.31523E+00 % total
];

MAT_NaCl_AnCl3_A = [
0.00000E+00 0.00000E+00 0.00000E+00 0.00000E+00 0.00000E+00 0.00000E+00 0.00000E+00 0.00000E+00 0.00000E+00 0.00000E+00 0.00000E+00 0.00000E+00 0.00000E+00 0.00000E+00 0.00000E+00 0.00000E+00 0.00000E+00 0.00000E+00 0.00000E+00 0.00000E+00 0.00000E+00 0.00000E+00 0.00000E+00 0.00000E+00 0.00000E+00 0.00000E+00 0.00000E+00 % lost data
1.57769E+11 7.81701E+12 8.00656E+12 8.09546E+12 8.08450E+12 8.06103E+12 8.03512E+12 8.00981E+12 7.98558E+12 7.96251E+12 7.94056E+12 7.92013E+12 7.89983E+12 7.88177E+12 7.86334E+12 7.84554E+12 7.82839E+12 7.81241E+12 7.79640E+12 7.78144E+12 7.76631E+12 7.75167E+12 7.73765E+12 7.72310E+12 7.70903E+12 7.69601E+12 7.68270E+12 % total
];

MAT_NaCl_AnCl3_H = [
0.00000E+00 0.00000E+00 0.00000E+00 0.00000E+00 0.00000E+00 0.00000E+00 0.00000E+00 0.00000E+00 0.00000E+00 0.00000E+00 0.00000E+00 0.00000E+00 0.00000E+00 0.00000E+00 0.00000E+00 0.00000E+00 0.00000E+00 0.00000E+00 0.00000E+00 0.00000E+00 0.00000E+00 0.00000E+00 0.00000E+00 0.00000E+00 0.00000E+00 0.00000E+00 0.00000E+00 % lost data
1.44846E-01 2.51145E+00 2.66438E+00 2.73274E+00 2.73233E+00 2.72469E+00 2.71623E+00 2.70797E+00 2.69996E+00 2.69216E+00 2.68454E+00 2.67719E+00 2.66971E+00 2.66271E+00 2.65542E+00 2.64812E+00 2.64084E+00 2.63374E+00 2.62647E+00 2.61935E+00 2.61203E+00 2.60468E+00 2.59737E+00 2.58976E+00 2.58214E+00 2.57469E+00 2.56704E+00 % total
];

MAT_NaCl_AnCl3_SF = [
0.00000E+00 0.00000E+00 0.00000E+00 0.00000E+00 0.00000E+00 0.00000E+00 0.00000E+00 0.00000E+00 0.00000E+00 0.00000E+00 0.00000E+00 0.00000E+00 0.00000E+00 0.00000E+00 0.00000E+00 0.00000E+00 0.00000E+00 0.00000E+00 0.00000E+00 0.00000E+00 0.00000E+00 0.00000E+00 0.00000E+00 0.00000E+00 0.00000E+00 0.00000E+00 0.00000E+00 % lost data
8.11283E+04 1.09542E+05 1.19917E+05 1.25978E+05 1.27963E+05 1.29273E+05 1.30297E+05 1.31109E+05 1.31734E+05 1.32191E+05 1.32496E+05 1.32672E+05 1.32712E+05 1.32663E+05 1.32499E+05 1.32242E+05 1.31902E+05 1.31500E+05 1.31025E+05 1.30500E+05 1.29914E+05 1.29282E+05 1.28610E+05 1.27887E+05 1.27129E+05 1.26353E+05 1.25541E+05 % total
];

MAT_NaCl_AnCl3_GSRC = [
0.00000E+00 0.00000E+00 0.00000E+00 0.00000E+00 0.00000E+00 0.00000E+00 0.00000E+00 0.00000E+00 0.00000E+00 0.00000E+00 0.00000E+00 0.00000E+00 0.00000E+00 0.00000E+00 0.00000E+00 0.00000E+00 0.00000E+00 0.00000E+00 0.00000E+00 0.00000E+00 0.00000E+00 0.00000E+00 0.00000E+00 0.00000E+00 0.00000E+00 0.00000E+00 0.00000E+00 % lost data
7.40655E+10 8.63674E+12 8.66022E+12 8.67098E+12 8.65063E+12 8.63026E+12 8.61065E+12 8.59243E+12 8.57545E+12 8.55963E+12 8.54485E+12 8.53129E+12 8.51813E+12 8.50655E+12 8.49500E+12 8.48408E+12 8.47378E+12 8.46441E+12 8.45520E+12 8.44683E+12 8.43855E+12 8.43073E+12 8.42350E+12 8.41609E+12 8.40917E+12 8.40304E+12 8.39687E+12 % total
];

MAT_NaCl_AnCl3_ING_TOX = [
0.00000E+00 0.00000E+00 0.00000E+00 0.00000E+00 0.00000E+00 0.00000E+00 0.00000E+00 0.00000E+00 0.00000E+00 0.00000E+00 0.00000E+00 0.00000E+00 0.00000E+00 0.00000E+00 0.00000E+00 0.00000E+00 0.00000E+00 0.00000E+00 0.00000E+00 0.00000E+00 0.00000E+00 0.00000E+00 0.00000E+00 0.00000E+00 0.00000E+00 0.00000E+00 0.00000E+00 % lost data
2.67532E+04 3.66994E+04 3.98938E+04 4.34114E+04 4.59698E+04 4.82364E+04 5.03038E+04 5.21991E+04 5.39361E+04 5.55252E+04 5.69757E+04 5.82980E+04 5.94945E+04 6.05805E+04 6.15536E+04 6.24222E+04 6.31922E+04 6.38712E+04 6.44600E+04 6.49665E+04 6.53910E+04 6.57390E+04 6.60148E+04 6.62177E+04 6.63535E+04 6.64282E+04 6.64402E+04 % total
];

MAT_NaCl_AnCl3_INH_TOX = [
0.00000E+00 0.00000E+00 0.00000E+00 0.00000E+00 0.00000E+00 0.00000E+00 0.00000E+00 0.00000E+00 0.00000E+00 0.00000E+00 0.00000E+00 0.00000E+00 0.00000E+00 0.00000E+00 0.00000E+00 0.00000E+00 0.00000E+00 0.00000E+00 0.00000E+00 0.00000E+00 0.00000E+00 0.00000E+00 0.00000E+00 0.00000E+00 0.00000E+00 0.00000E+00 0.00000E+00 % lost data
1.28065E+07 1.59004E+07 1.73809E+07 1.89973E+07 2.01819E+07 2.12376E+07 2.22025E+07 2.30870E+07 2.38967E+07 2.46364E+07 2.53103E+07 2.59232E+07 2.64766E+07 2.69772E+07 2.74244E+07 2.78220E+07 2.81728E+07 2.84803E+07 2.87450E+07 2.89706E+07 2.91574E+07 2.93078E+07 2.94239E+07 2.95055E+07 2.95552E+07 2.95758E+07 2.95666E+07 % total
];

TOT_VOLUME = [ 1.00000E+00 1.00000E+00 1.00000E+00 1.00000E+00 1.00000E+00 1.00000E+00 1.00000E+00 1.00000E+00 1.00000E+00 1.00000E+00 1.00000E+00 1.00000E+00 1.00000E+00 1.00000E+00 1.00000E+00 1.00000E+00 1.00000E+00 1.00000E+00 1.00000E+00 1.00000E+00 1.00000E+00 1.00000E+00 1.00000E+00 1.00000E+00 1.00000E+00 1.00000E+00 1.00000E+00 ];

TOT_BURNUP = [ 0.00000E+00 5.00020E+00 1.00004E+01 2.00007E+01 3.00011E+01 4.00014E+01 5.00017E+01 6.00020E+01 7.00022E+01 8.00025E+01 9.00027E+01 1.00003E+02 1.10003E+02 1.20003E+02 1.30003E+02 1.40004E+02 1.50004E+02 1.60004E+02 1.70004E+02 1.80004E+02 1.90004E+02 2.00004E+02 2.10004E+02 2.20005E+02 2.30005E+02 2.40005E+02 2.50005E+02 ];

TOT_ADENS = [
0.00000E+00 3.72839E-13 1.09666E-12 2.79901E-12 4.53223E-12 6.23281E-12 7.89581E-12 9.52270E-12 1.11155E-11 1.26760E-11 1.42059E-11 1.57068E-11 1.71797E-11 1.86262E-11 2.00471E-11 2.14432E-11 2.28151E-11 2.41640E-11 2.54903E-11 2.67949E-11 2.80781E-11 2.93405E-11 3.05826E-11 3.18045E-11 3.30065E-11 3.41893E-11 3.53531E-11 % lost data
3.41087E-02 3.41406E-02 3.41784E-02 3.42584E-02 3.43393E-02 3.44201E-02 3.45007E-02 3.45811E-02 3.46612E-02 3.47410E-02 3.48206E-02 3.49000E-02 3.49791E-02 3.50580E-02 3.51366E-02 3.52149E-02 3.52930E-02 3.53708E-02 3.54483E-02 3.55255E-02 3.56025E-02 3.56791E-02 3.57555E-02 3.58315E-02 3.59073E-02 3.59827E-02 3.60577E-02 % total
];

