
DETspecTot = [
    1    1    1    1     1     1     1    1    1    1  0.00000E+00 0.00000 
    2    2    1    1     1     1     1    1    1    1  0.00000E+00 0.00000 
    3    3    1    1     1     1     1    1    1    1  0.00000E+00 0.00000 
    4    4    1    1     1     1     1    1    1    1  0.00000E+00 0.00000 
    5    5    1    1     1     1     1    1    1    1  0.00000E+00 0.00000 
    6    6    1    1     1     1     1    1    1    1  0.00000E+00 0.00000 
    7    7    1    1     1     1     1    1    1    1  0.00000E+00 0.00000 
    8    8    1    1     1     1     1    1    1    1  0.00000E+00 0.00000 
    9    9    1    1     1     1     1    1    1    1  0.00000E+00 0.00000 
   10   10    1    1     1     1     1    1    1    1  0.00000E+00 0.00000 
   11   11    1    1     1     1     1    1    1    1  0.00000E+00 0.00000 
   12   12    1    1     1     1     1    1    1    1  0.00000E+00 0.00000 
   13   13    1    1     1     1     1    1    1    1  0.00000E+00 0.00000 
   14   14    1    1     1     1     1    1    1    1  0.00000E+00 0.00000 
   15   15    1    1     1     1     1    1    1    1  0.00000E+00 0.00000 
   16   16    1    1     1     1     1    1    1    1  0.00000E+00 0.00000 
   17   17    1    1     1     1     1    1    1    1  0.00000E+00 0.00000 
   18   18    1    1     1     1     1    1    1    1  0.00000E+00 0.00000 
   19   19    1    1     1     1     1    1    1    1  0.00000E+00 0.00000 
   20   20    1    1     1     1     1    1    1    1  0.00000E+00 0.00000 
   21   21    1    1     1     1     1    1    1    1  0.00000E+00 0.00000 
   22   22    1    1     1     1     1    1    1    1  0.00000E+00 0.00000 
   23   23    1    1     1     1     1    1    1    1  0.00000E+00 0.00000 
   24   24    1    1     1     1     1    1    1    1  0.00000E+00 0.00000 
   25   25    1    1     1     1     1    1    1    1  0.00000E+00 0.00000 
   26   26    1    1     1     1     1    1    1    1  0.00000E+00 0.00000 
   27   27    1    1     1     1     1    1    1    1  0.00000E+00 0.00000 
   28   28    1    1     1     1     1    1    1    1  0.00000E+00 0.00000 
   29   29    1    1     1     1     1    1    1    1  0.00000E+00 0.00000 
   30   30    1    1     1     1     1    1    1    1  0.00000E+00 0.00000 
   31   31    1    1     1     1     1    1    1    1  0.00000E+00 0.00000 
   32   32    1    1     1     1     1    1    1    1  0.00000E+00 0.00000 
   33   33    1    1     1     1     1    1    1    1  0.00000E+00 0.00000 
   34   34    1    1     1     1     1    1    1    1  0.00000E+00 0.00000 
   35   35    1    1     1     1     1    1    1    1  0.00000E+00 0.00000 
   36   36    1    1     1     1     1    1    1    1  0.00000E+00 0.00000 
   37   37    1    1     1     1     1    1    1    1  0.00000E+00 0.00000 
   38   38    1    1     1     1     1    1    1    1  0.00000E+00 0.00000 
   39   39    1    1     1     1     1    1    1    1  0.00000E+00 0.00000 
   40   40    1    1     1     1     1    1    1    1  0.00000E+00 0.00000 
   41   41    1    1     1     1     1    1    1    1  1.19634E+07 1.00000 
   42   42    1    1     1     1     1    1    1    1  0.00000E+00 0.00000 
   43   43    1    1     1     1     1    1    1    1  0.00000E+00 0.00000 
   44   44    1    1     1     1     1    1    1    1  0.00000E+00 0.00000 
   45   45    1    1     1     1     1    1    1    1  1.72943E+06 1.00000 
   46   46    1    1     1     1     1    1    1    1  0.00000E+00 0.00000 
   47   47    1    1     1     1     1    1    1    1  1.15283E+05 1.00000 
   48   48    1    1     1     1     1    1    1    1  0.00000E+00 0.00000 
   49   49    1    1     1     1     1    1    1    1  0.00000E+00 0.00000 
   50   50    1    1     1     1     1    1    1    1  0.00000E+00 0.00000 
   51   51    1    1     1     1     1    1    1    1  0.00000E+00 0.00000 
   52   52    1    1     1     1     1    1    1    1  0.00000E+00 0.00000 
   53   53    1    1     1     1     1    1    1    1  0.00000E+00 0.00000 
   54   54    1    1     1     1     1    1    1    1  0.00000E+00 0.00000 
   55   55    1    1     1     1     1    1    1    1  0.00000E+00 0.00000 
   56   56    1    1     1     1     1    1    1    1  0.00000E+00 0.00000 
   57   57    1    1     1     1     1    1    1    1  0.00000E+00 0.00000 
   58   58    1    1     1     1     1    1    1    1  0.00000E+00 0.00000 
   59   59    1    1     1     1     1    1    1    1  0.00000E+00 0.00000 
   60   60    1    1     1     1     1    1    1    1  0.00000E+00 0.00000 
   61   61    1    1     1     1     1    1    1    1  0.00000E+00 0.00000 
   62   62    1    1     1     1     1    1    1    1  9.09626E+05 1.00000 
   63   63    1    1     1     1     1    1    1    1  0.00000E+00 0.00000 
   64   64    1    1     1     1     1    1    1    1  1.82948E+06 1.00000 
   65   65    1    1     1     1     1    1    1    1  0.00000E+00 0.00000 
   66   66    1    1     1     1     1    1    1    1  0.00000E+00 0.00000 
   67   67    1    1     1     1     1    1    1    1  0.00000E+00 0.00000 
   68   68    1    1     1     1     1    1    1    1  0.00000E+00 0.00000 
   69   69    1    1     1     1     1    1    1    1  0.00000E+00 0.00000 
   70   70    1    1     1     1     1    1    1    1  7.86747E+05 1.00000 
   71   71    1    1     1     1     1    1    1    1  0.00000E+00 0.00000 
   72   72    1    1     1     1     1    1    1    1  3.54623E+06 1.00000 
   73   73    1    1     1     1     1    1    1    1  0.00000E+00 0.00000 
   74   74    1    1     1     1     1    1    1    1  1.30122E+07 1.00000 
   75   75    1    1     1     1     1    1    1    1  0.00000E+00 0.00000 
   76   76    1    1     1     1     1    1    1    1  3.35785E+06 1.00000 
   77   77    1    1     1     1     1    1    1    1  1.73503E+07 0.85835 
   78   78    1    1     1     1     1    1    1    1  0.00000E+00 0.00000 
   79   79    1    1     1     1     1    1    1    1  0.00000E+00 0.00000 
   80   80    1    1     1     1     1    1    1    1  5.31300E+06 0.72968 
   81   81    1    1     1     1     1    1    1    1  3.27978E+06 0.71239 
   82   82    1    1     1     1     1    1    1    1  1.09848E+07 0.75112 
   83   83    1    1     1     1     1    1    1    1  2.28239E+06 1.00000 
   84   84    1    1     1     1     1    1    1    1  7.47517E+06 0.76965 
   85   85    1    1     1     1     1    1    1    1  5.05625E+06 0.54117 
   86   86    1    1     1     1     1    1    1    1  2.40422E+07 0.80952 
   87   87    1    1     1     1     1    1    1    1  6.25394E+07 0.48639 
   88   88    1    1     1     1     1    1    1    1  2.00369E+07 0.62506 
   89   89    1    1     1     1     1    1    1    1  3.41948E+07 0.40532 
   90   90    1    1     1     1     1    1    1    1  1.28795E+07 0.39634 
   91   91    1    1     1     1     1    1    1    1  1.53751E+07 0.46224 
   92   92    1    1     1     1     1    1    1    1  9.07699E+06 0.70737 
   93   93    1    1     1     1     1    1    1    1  1.52532E+07 0.58575 
   94   94    1    1     1     1     1    1    1    1  5.34593E+07 0.48213 
   95   95    1    1     1     1     1    1    1    1  3.74626E+07 0.46038 
   96   96    1    1     1     1     1    1    1    1  2.05275E+07 0.38786 
   97   97    1    1     1     1     1    1    1    1  6.24127E+07 0.31271 
   98   98    1    1     1     1     1    1    1    1  5.51540E+07 0.33746 
   99   99    1    1     1     1     1    1    1    1  1.10342E+08 0.38703 
  100  100    1    1     1     1     1    1    1    1  1.35284E+08 0.22802 
  101  101    1    1     1     1     1    1    1    1  7.79751E+07 0.26635 
  102  102    1    1     1     1     1    1    1    1  7.45670E+07 0.42356 
  103  103    1    1     1     1     1    1    1    1  4.85062E+07 0.28045 
  104  104    1    1     1     1     1    1    1    1  1.09423E+08 0.28970 
  105  105    1    1     1     1     1    1    1    1  1.80859E+08 0.19913 
