
DETspecTot = [
    1    1    1    1     1     1     1    1    1    1  0.00000E+00 0.00000 
    2    2    1    1     1     1     1    1    1    1  0.00000E+00 0.00000 
    3    3    1    1     1     1     1    1    1    1  0.00000E+00 0.00000 
    4    4    1    1     1     1     1    1    1    1  0.00000E+00 0.00000 
    5    5    1    1     1     1     1    1    1    1  0.00000E+00 0.00000 
    6    6    1    1     1     1     1    1    1    1  0.00000E+00 0.00000 
    7    7    1    1     1     1     1    1    1    1  0.00000E+00 0.00000 
    8    8    1    1     1     1     1    1    1    1  0.00000E+00 0.00000 
    9    9    1    1     1     1     1    1    1    1  0.00000E+00 0.00000 
   10   10    1    1     1     1     1    1    1    1  0.00000E+00 0.00000 
   11   11    1    1     1     1     1    1    1    1  0.00000E+00 0.00000 
   12   12    1    1     1     1     1    1    1    1  0.00000E+00 0.00000 
   13   13    1    1     1     1     1    1    1    1  0.00000E+00 0.00000 
   14   14    1    1     1     1     1    1    1    1  0.00000E+00 0.00000 
   15   15    1    1     1     1     1    1    1    1  0.00000E+00 0.00000 
   16   16    1    1     1     1     1    1    1    1  0.00000E+00 0.00000 
   17   17    1    1     1     1     1    1    1    1  0.00000E+00 0.00000 
   18   18    1    1     1     1     1    1    1    1  0.00000E+00 0.00000 
   19   19    1    1     1     1     1    1    1    1  0.00000E+00 0.00000 
   20   20    1    1     1     1     1    1    1    1  0.00000E+00 0.00000 
   21   21    1    1     1     1     1    1    1    1  0.00000E+00 0.00000 
   22   22    1    1     1     1     1    1    1    1  0.00000E+00 0.00000 
   23   23    1    1     1     1     1    1    1    1  0.00000E+00 0.00000 
   24   24    1    1     1     1     1    1    1    1  0.00000E+00 0.00000 
   25   25    1    1     1     1     1    1    1    1  0.00000E+00 0.00000 
   26   26    1    1     1     1     1    1    1    1  0.00000E+00 0.00000 
   27   27    1    1     1     1     1    1    1    1  0.00000E+00 0.00000 
   28   28    1    1     1     1     1    1    1    1  0.00000E+00 0.00000 
   29   29    1    1     1     1     1    1    1    1  0.00000E+00 0.00000 
   30   30    1    1     1     1     1    1    1    1  0.00000E+00 0.00000 
   31   31    1    1     1     1     1    1    1    1  0.00000E+00 0.00000 
   32   32    1    1     1     1     1    1    1    1  0.00000E+00 0.00000 
   33   33    1    1     1     1     1    1    1    1  1.07686E+06 1.00000 
   34   34    1    1     1     1     1    1    1    1  1.92746E+06 1.00000 
   35   35    1    1     1     1     1    1    1    1  0.00000E+00 0.00000 
   36   36    1    1     1     1     1    1    1    1  0.00000E+00 0.00000 
   37   37    1    1     1     1     1    1    1    1  0.00000E+00 0.00000 
   38   38    1    1     1     1     1    1    1    1  0.00000E+00 0.00000 
   39   39    1    1     1     1     1    1    1    1  0.00000E+00 0.00000 
   40   40    1    1     1     1     1    1    1    1  7.86725E+05 1.00000 
   41   41    1    1     1     1     1    1    1    1  0.00000E+00 0.00000 
   42   42    1    1     1     1     1    1    1    1  0.00000E+00 0.00000 
   43   43    1    1     1     1     1    1    1    1  0.00000E+00 0.00000 
   44   44    1    1     1     1     1    1    1    1  0.00000E+00 0.00000 
   45   45    1    1     1     1     1    1    1    1  0.00000E+00 0.00000 
   46   46    1    1     1     1     1    1    1    1  0.00000E+00 0.00000 
   47   47    1    1     1     1     1    1    1    1  0.00000E+00 0.00000 
   48   48    1    1     1     1     1    1    1    1  1.88463E+05 1.00000 
   49   49    1    1     1     1     1    1    1    1  0.00000E+00 0.00000 
   50   50    1    1     1     1     1    1    1    1  0.00000E+00 0.00000 
   51   51    1    1     1     1     1    1    1    1  0.00000E+00 0.00000 
   52   52    1    1     1     1     1    1    1    1  0.00000E+00 0.00000 
   53   53    1    1     1     1     1    1    1    1  0.00000E+00 0.00000 
   54   54    1    1     1     1     1    1    1    1  0.00000E+00 0.00000 
   55   55    1    1     1     1     1    1    1    1  0.00000E+00 0.00000 
   56   56    1    1     1     1     1    1    1    1  0.00000E+00 0.00000 
   57   57    1    1     1     1     1    1    1    1  0.00000E+00 0.00000 
   58   58    1    1     1     1     1    1    1    1  0.00000E+00 0.00000 
   59   59    1    1     1     1     1    1    1    1  4.08726E+06 1.00000 
   60   60    1    1     1     1     1    1    1    1  0.00000E+00 0.00000 
   61   61    1    1     1     1     1    1    1    1  0.00000E+00 0.00000 
   62   62    1    1     1     1     1    1    1    1  1.75292E+06 0.60882 
   63   63    1    1     1     1     1    1    1    1  3.70473E+06 1.00000 
   64   64    1    1     1     1     1    1    1    1  6.05703E+06 0.73385 
   65   65    1    1     1     1     1    1    1    1  6.28255E+06 0.63322 
   66   66    1    1     1     1     1    1    1    1  0.00000E+00 0.00000 
   67   67    1    1     1     1     1    1    1    1  0.00000E+00 0.00000 
   68   68    1    1     1     1     1    1    1    1  3.85636E+07 0.79012 
   69   69    1    1     1     1     1    1    1    1  0.00000E+00 0.00000 
   70   70    1    1     1     1     1    1    1    1  1.76453E+06 0.62037 
   71   71    1    1     1     1     1    1    1    1  8.73751E+05 0.71594 
   72   72    1    1     1     1     1    1    1    1  1.03503E+07 0.71602 
   73   73    1    1     1     1     1    1    1    1  1.07337E+07 0.88130 
   74   74    1    1     1     1     1    1    1    1  1.21415E+07 1.00000 
   75   75    1    1     1     1     1    1    1    1  1.34316E+06 1.00000 
   76   76    1    1     1     1     1    1    1    1  0.00000E+00 0.00000 
   77   77    1    1     1     1     1    1    1    1  2.06352E+07 0.82695 
   78   78    1    1     1     1     1    1    1    1  0.00000E+00 0.00000 
   79   79    1    1     1     1     1    1    1    1  8.40598E+06 0.48440 
   80   80    1    1     1     1     1    1    1    1  2.07555E+07 0.55076 
   81   81    1    1     1     1     1    1    1    1  7.06485E+06 0.56512 
   82   82    1    1     1     1     1    1    1    1  2.04212E+07 0.55474 
   83   83    1    1     1     1     1    1    1    1  8.07713E+06 0.63779 
   84   84    1    1     1     1     1    1    1    1  1.15787E+07 0.49051 
   85   85    1    1     1     1     1    1    1    1  1.50864E+07 0.34524 
   86   86    1    1     1     1     1    1    1    1  4.01230E+07 0.51968 
   87   87    1    1     1     1     1    1    1    1  3.60149E+07 0.33733 
   88   88    1    1     1     1     1    1    1    1  5.10434E+07 0.48010 
   89   89    1    1     1     1     1    1    1    1  7.71517E+07 0.28503 
   90   90    1    1     1     1     1    1    1    1  1.92243E+07 0.38183 
   91   91    1    1     1     1     1    1    1    1  3.81600E+07 0.30216 
   92   92    1    1     1     1     1    1    1    1  7.43389E+07 0.45710 
   93   93    1    1     1     1     1    1    1    1  4.84976E+07 0.40243 
   94   94    1    1     1     1     1    1    1    1  6.16643E+07 0.30607 
   95   95    1    1     1     1     1    1    1    1  3.92348E+07 0.33658 
   96   96    1    1     1     1     1    1    1    1  6.17375E+07 0.29266 
   97   97    1    1     1     1     1    1    1    1  7.91392E+07 0.23160 
   98   98    1    1     1     1     1    1    1    1  4.58439E+07 0.40305 
   99   99    1    1     1     1     1    1    1    1  1.01494E+08 0.34734 
  100  100    1    1     1     1     1    1    1    1  1.40130E+08 0.18700 
  101  101    1    1     1     1     1    1    1    1  1.22264E+08 0.19864 
  102  102    1    1     1     1     1    1    1    1  1.51187E+08 0.41143 
  103  103    1    1     1     1     1    1    1    1  7.00533E+07 0.24936 
  104  104    1    1     1     1     1    1    1    1  1.21125E+08 0.27277 
  105  105    1    1     1     1     1    1    1    1  1.99740E+08 0.17725 
