
ZAI = [
666
0
];

NAMES = [
'lost            '
'total           '
];

iLOST    = 1;
iTOT     = 2;

MAT_LiCl_AnCl3_UOX_VOLUME = [ 1.00000E+00 1.00000E+00 1.00000E+00 1.00000E+00 1.00000E+00 1.00000E+00 1.00000E+00 1.00000E+00 1.00000E+00 1.00000E+00 1.00000E+00 1.00000E+00 1.00000E+00 1.00000E+00 1.00000E+00 1.00000E+00 1.00000E+00 1.00000E+00 1.00000E+00 1.00000E+00 1.00000E+00 1.00000E+00 1.00000E+00 1.00000E+00 1.00000E+00 1.00000E+00 1.00000E+00 ];

MAT_LiCl_AnCl3_UOX_BURNUP = [ 0.00000E+00 5.00017E+00 1.00003E+01 2.00007E+01 3.00010E+01 4.00012E+01 5.00015E+01 6.00018E+01 7.00020E+01 8.00022E+01 9.00024E+01 1.00003E+02 1.10003E+02 1.20003E+02 1.30003E+02 1.40003E+02 1.50003E+02 1.60004E+02 1.70004E+02 1.80004E+02 1.90004E+02 2.00004E+02 2.10004E+02 2.20004E+02 2.30004E+02 2.40004E+02 2.50004E+02 ];

MAT_LiCl_AnCl3_UOX_ADENS = [
0.00000E+00 3.73444E-13 1.09853E-12 2.80874E-12 4.55676E-12 6.27847E-12 7.96795E-12 9.62619E-12 1.12542E-11 1.28529E-11 1.44236E-11 1.59673E-11 1.74850E-11 1.89778E-11 2.04461E-11 2.18904E-11 2.33115E-11 2.47100E-11 2.60866E-11 2.74417E-11 2.87755E-11 3.00884E-11 3.13807E-11 3.26529E-11 3.39053E-11 3.51380E-11 3.63513E-11 % lost data
3.82868E-02 3.83253E-02 3.83696E-02 3.84628E-02 3.85569E-02 3.86511E-02 3.87450E-02 3.88389E-02 3.89325E-02 3.90261E-02 3.91195E-02 3.92128E-02 3.93060E-02 3.93991E-02 3.94921E-02 3.95851E-02 3.96779E-02 3.97707E-02 3.98634E-02 3.99560E-02 4.00485E-02 4.01410E-02 4.02335E-02 4.03259E-02 4.04182E-02 4.05105E-02 4.06028E-02 % total
];

MAT_LiCl_AnCl3_UOX_MDENS = [
0.00000E+00 0.00000E+00 0.00000E+00 0.00000E+00 0.00000E+00 0.00000E+00 0.00000E+00 0.00000E+00 0.00000E+00 0.00000E+00 0.00000E+00 0.00000E+00 0.00000E+00 0.00000E+00 0.00000E+00 0.00000E+00 0.00000E+00 0.00000E+00 0.00000E+00 0.00000E+00 0.00000E+00 0.00000E+00 0.00000E+00 0.00000E+00 0.00000E+00 0.00000E+00 0.00000E+00 % lost data
3.31760E+00 3.31758E+00 3.31756E+00 3.31752E+00 3.31748E+00 3.31745E+00 3.31741E+00 3.31737E+00 3.31734E+00 3.31731E+00 3.31727E+00 3.31724E+00 3.31721E+00 3.31718E+00 3.31715E+00 3.31713E+00 3.31710E+00 3.31707E+00 3.31705E+00 3.31703E+00 3.31700E+00 3.31698E+00 3.31696E+00 3.31694E+00 3.31693E+00 3.31691E+00 3.31690E+00 % total
];

MAT_LiCl_AnCl3_UOX_A = [
0.00000E+00 0.00000E+00 0.00000E+00 0.00000E+00 0.00000E+00 0.00000E+00 0.00000E+00 0.00000E+00 0.00000E+00 0.00000E+00 0.00000E+00 0.00000E+00 0.00000E+00 0.00000E+00 0.00000E+00 0.00000E+00 0.00000E+00 0.00000E+00 0.00000E+00 0.00000E+00 0.00000E+00 0.00000E+00 0.00000E+00 0.00000E+00 0.00000E+00 0.00000E+00 0.00000E+00 % lost data
1.64710E+11 8.08344E+12 8.29037E+12 8.40359E+12 8.41778E+12 8.41615E+12 8.40995E+12 8.40320E+12 8.39459E+12 8.38599E+12 8.37722E+12 8.36849E+12 8.36019E+12 8.35222E+12 8.34339E+12 8.33472E+12 8.32625E+12 8.31847E+12 8.31043E+12 8.30268E+12 8.29460E+12 8.28676E+12 8.27914E+12 8.27164E+12 8.26480E+12 8.25732E+12 8.25032E+12 % total
];

MAT_LiCl_AnCl3_UOX_H = [
0.00000E+00 0.00000E+00 0.00000E+00 0.00000E+00 0.00000E+00 0.00000E+00 0.00000E+00 0.00000E+00 0.00000E+00 0.00000E+00 0.00000E+00 0.00000E+00 0.00000E+00 0.00000E+00 0.00000E+00 0.00000E+00 0.00000E+00 0.00000E+00 0.00000E+00 0.00000E+00 0.00000E+00 0.00000E+00 0.00000E+00 0.00000E+00 0.00000E+00 0.00000E+00 0.00000E+00 % lost data
1.51219E-01 2.59525E+00 2.74970E+00 2.82045E+00 2.82334E+00 2.81843E+00 2.81235E+00 2.80639E+00 2.80001E+00 2.79367E+00 2.78727E+00 2.78085E+00 2.77451E+00 2.76820E+00 2.76153E+00 2.75479E+00 2.74799E+00 2.74128E+00 2.73437E+00 2.72741E+00 2.72022E+00 2.71294E+00 2.70559E+00 2.69812E+00 2.69069E+00 2.68293E+00 2.67513E+00 % total
];

MAT_LiCl_AnCl3_UOX_SF = [
0.00000E+00 0.00000E+00 0.00000E+00 0.00000E+00 0.00000E+00 0.00000E+00 0.00000E+00 0.00000E+00 0.00000E+00 0.00000E+00 0.00000E+00 0.00000E+00 0.00000E+00 0.00000E+00 0.00000E+00 0.00000E+00 0.00000E+00 0.00000E+00 0.00000E+00 0.00000E+00 0.00000E+00 0.00000E+00 0.00000E+00 0.00000E+00 0.00000E+00 0.00000E+00 0.00000E+00 % lost data
8.46978E+04 1.13009E+05 1.23374E+05 1.29472E+05 1.31546E+05 1.32948E+05 1.34068E+05 1.34993E+05 1.35711E+05 1.36259E+05 1.36652E+05 1.36904E+05 1.37036E+05 1.37058E+05 1.36960E+05 1.36764E+05 1.36483E+05 1.36132E+05 1.35705E+05 1.35214E+05 1.34656E+05 1.34044E+05 1.33384E+05 1.32677E+05 1.31937E+05 1.31147E+05 1.30324E+05 % total
];

MAT_LiCl_AnCl3_UOX_GSRC = [
0.00000E+00 0.00000E+00 0.00000E+00 0.00000E+00 0.00000E+00 0.00000E+00 0.00000E+00 0.00000E+00 0.00000E+00 0.00000E+00 0.00000E+00 0.00000E+00 0.00000E+00 0.00000E+00 0.00000E+00 0.00000E+00 0.00000E+00 0.00000E+00 0.00000E+00 0.00000E+00 0.00000E+00 0.00000E+00 0.00000E+00 0.00000E+00 0.00000E+00 0.00000E+00 0.00000E+00 % lost data
7.73242E+10 8.95683E+12 8.98383E+12 8.99656E+12 8.98160E+12 8.96547E+12 8.94953E+12 8.93488E+12 8.92025E+12 8.90658E+12 8.89354E+12 8.88122E+12 8.86977E+12 8.85903E+12 8.84830E+12 8.83812E+12 8.82844E+12 8.81956E+12 8.81084E+12 8.80263E+12 8.79449E+12 8.78675E+12 8.77937E+12 8.77230E+12 8.76580E+12 8.75908E+12 8.75282E+12 % total
];

MAT_LiCl_AnCl3_UOX_ING_TOX = [
0.00000E+00 0.00000E+00 0.00000E+00 0.00000E+00 0.00000E+00 0.00000E+00 0.00000E+00 0.00000E+00 0.00000E+00 0.00000E+00 0.00000E+00 0.00000E+00 0.00000E+00 0.00000E+00 0.00000E+00 0.00000E+00 0.00000E+00 0.00000E+00 0.00000E+00 0.00000E+00 0.00000E+00 0.00000E+00 0.00000E+00 0.00000E+00 0.00000E+00 0.00000E+00 0.00000E+00 % lost data
2.79303E+04 3.79866E+04 4.11900E+04 4.47339E+04 4.73366E+04 4.96537E+04 5.17780E+04 5.37382E+04 5.55385E+04 5.71930E+04 5.87094E+04 6.00956E+04 6.13602E+04 6.25096E+04 6.35445E+04 6.44734E+04 6.53020E+04 6.60373E+04 6.66803E+04 6.72369E+04 6.77085E+04 6.81006E+04 6.84167E+04 6.86595E+04 6.88344E+04 6.89393E+04 6.89804E+04 % total
];

MAT_LiCl_AnCl3_UOX_INH_TOX = [
0.00000E+00 0.00000E+00 0.00000E+00 0.00000E+00 0.00000E+00 0.00000E+00 0.00000E+00 0.00000E+00 0.00000E+00 0.00000E+00 0.00000E+00 0.00000E+00 0.00000E+00 0.00000E+00 0.00000E+00 0.00000E+00 0.00000E+00 0.00000E+00 0.00000E+00 0.00000E+00 0.00000E+00 0.00000E+00 0.00000E+00 0.00000E+00 0.00000E+00 0.00000E+00 0.00000E+00 % lost data
1.33700E+07 1.64542E+07 1.79344E+07 1.95593E+07 2.07618E+07 2.18390E+07 2.28289E+07 2.37423E+07 2.45805E+07 2.53498E+07 2.60536E+07 2.66956E+07 2.72800E+07 2.78096E+07 2.82851E+07 2.87103E+07 2.90879E+07 2.94211E+07 2.97106E+07 2.99591E+07 3.01674E+07 3.03379E+07 3.04723E+07 3.05719E+07 3.06392E+07 3.06734E+07 3.06773E+07 % total
];

TOT_VOLUME = [ 1.00000E+00 1.00000E+00 1.00000E+00 1.00000E+00 1.00000E+00 1.00000E+00 1.00000E+00 1.00000E+00 1.00000E+00 1.00000E+00 1.00000E+00 1.00000E+00 1.00000E+00 1.00000E+00 1.00000E+00 1.00000E+00 1.00000E+00 1.00000E+00 1.00000E+00 1.00000E+00 1.00000E+00 1.00000E+00 1.00000E+00 1.00000E+00 1.00000E+00 1.00000E+00 1.00000E+00 ];

TOT_BURNUP = [ 0.00000E+00 5.00017E+00 1.00003E+01 2.00007E+01 3.00010E+01 4.00012E+01 5.00015E+01 6.00018E+01 7.00020E+01 8.00022E+01 9.00024E+01 1.00003E+02 1.10003E+02 1.20003E+02 1.30003E+02 1.40003E+02 1.50003E+02 1.60004E+02 1.70004E+02 1.80004E+02 1.90004E+02 2.00004E+02 2.10004E+02 2.20004E+02 2.30004E+02 2.40004E+02 2.50004E+02 ];

TOT_ADENS = [
0.00000E+00 3.73444E-13 1.09853E-12 2.80874E-12 4.55676E-12 6.27847E-12 7.96795E-12 9.62619E-12 1.12542E-11 1.28529E-11 1.44236E-11 1.59673E-11 1.74850E-11 1.89778E-11 2.04461E-11 2.18904E-11 2.33115E-11 2.47100E-11 2.60866E-11 2.74417E-11 2.87755E-11 3.00884E-11 3.13807E-11 3.26529E-11 3.39053E-11 3.51380E-11 3.63513E-11 % lost data
3.82868E-02 3.83253E-02 3.83696E-02 3.84628E-02 3.85569E-02 3.86511E-02 3.87450E-02 3.88389E-02 3.89325E-02 3.90261E-02 3.91195E-02 3.92128E-02 3.93060E-02 3.93991E-02 3.94921E-02 3.95851E-02 3.96779E-02 3.97707E-02 3.98634E-02 3.99560E-02 4.00485E-02 4.01410E-02 4.02335E-02 4.03259E-02 4.04182E-02 4.05105E-02 4.06028E-02 % total
];

