
DETspecTot = [
    1    1    1    1     1     1     1    1    1    1  0.00000E+00 0.00000 
    2    2    1    1     1     1     1    1    1    1  0.00000E+00 0.00000 
    3    3    1    1     1     1     1    1    1    1  0.00000E+00 0.00000 
    4    4    1    1     1     1     1    1    1    1  0.00000E+00 0.00000 
    5    5    1    1     1     1     1    1    1    1  0.00000E+00 0.00000 
    6    6    1    1     1     1     1    1    1    1  0.00000E+00 0.00000 
    7    7    1    1     1     1     1    1    1    1  0.00000E+00 0.00000 
    8    8    1    1     1     1     1    1    1    1  0.00000E+00 0.00000 
    9    9    1    1     1     1     1    1    1    1  0.00000E+00 0.00000 
   10   10    1    1     1     1     1    1    1    1  0.00000E+00 0.00000 
   11   11    1    1     1     1     1    1    1    1  0.00000E+00 0.00000 
   12   12    1    1     1     1     1    1    1    1  0.00000E+00 0.00000 
   13   13    1    1     1     1     1    1    1    1  0.00000E+00 0.00000 
   14   14    1    1     1     1     1    1    1    1  0.00000E+00 0.00000 
   15   15    1    1     1     1     1    1    1    1  0.00000E+00 0.00000 
   16   16    1    1     1     1     1    1    1    1  0.00000E+00 0.00000 
   17   17    1    1     1     1     1    1    1    1  0.00000E+00 0.00000 
   18   18    1    1     1     1     1    1    1    1  0.00000E+00 0.00000 
   19   19    1    1     1     1     1    1    1    1  0.00000E+00 0.00000 
   20   20    1    1     1     1     1    1    1    1  0.00000E+00 0.00000 
   21   21    1    1     1     1     1    1    1    1  0.00000E+00 0.00000 
   22   22    1    1     1     1     1    1    1    1  0.00000E+00 0.00000 
   23   23    1    1     1     1     1    1    1    1  0.00000E+00 0.00000 
   24   24    1    1     1     1     1    1    1    1  0.00000E+00 0.00000 
   25   25    1    1     1     1     1    1    1    1  0.00000E+00 0.00000 
   26   26    1    1     1     1     1    1    1    1  0.00000E+00 0.00000 
   27   27    1    1     1     1     1    1    1    1  0.00000E+00 0.00000 
   28   28    1    1     1     1     1    1    1    1  0.00000E+00 0.00000 
   29   29    1    1     1     1     1    1    1    1  0.00000E+00 0.00000 
   30   30    1    1     1     1     1    1    1    1  0.00000E+00 0.00000 
   31   31    1    1     1     1     1    1    1    1  0.00000E+00 0.00000 
   32   32    1    1     1     1     1    1    1    1  0.00000E+00 0.00000 
   33   33    1    1     1     1     1    1    1    1  0.00000E+00 0.00000 
   34   34    1    1     1     1     1    1    1    1  0.00000E+00 0.00000 
   35   35    1    1     1     1     1    1    1    1  0.00000E+00 0.00000 
   36   36    1    1     1     1     1    1    1    1  0.00000E+00 0.00000 
   37   37    1    1     1     1     1    1    1    1  0.00000E+00 0.00000 
   38   38    1    1     1     1     1    1    1    1  0.00000E+00 0.00000 
   39   39    1    1     1     1     1    1    1    1  0.00000E+00 0.00000 
   40   40    1    1     1     1     1    1    1    1  0.00000E+00 0.00000 
   41   41    1    1     1     1     1    1    1    1  0.00000E+00 0.00000 
   42   42    1    1     1     1     1    1    1    1  0.00000E+00 0.00000 
   43   43    1    1     1     1     1    1    1    1  0.00000E+00 0.00000 
   44   44    1    1     1     1     1    1    1    1  0.00000E+00 0.00000 
   45   45    1    1     1     1     1    1    1    1  1.71937E+07 1.00000 
   46   46    1    1     1     1     1    1    1    1  0.00000E+00 0.00000 
   47   47    1    1     1     1     1    1    1    1  1.09741E+07 1.00000 
   48   48    1    1     1     1     1    1    1    1  0.00000E+00 0.00000 
   49   49    1    1     1     1     1    1    1    1  0.00000E+00 0.00000 
   50   50    1    1     1     1     1    1    1    1  0.00000E+00 0.00000 
   51   51    1    1     1     1     1    1    1    1  0.00000E+00 0.00000 
   52   52    1    1     1     1     1    1    1    1  0.00000E+00 0.00000 
   53   53    1    1     1     1     1    1    1    1  8.52057E+06 1.00000 
   54   54    1    1     1     1     1    1    1    1  1.69287E+07 1.00000 
   55   55    1    1     1     1     1    1    1    1  1.79819E+07 1.00000 
   56   56    1    1     1     1     1    1    1    1  5.10309E+07 1.00000 
   57   57    1    1     1     1     1    1    1    1  1.07373E+07 1.00000 
   58   58    1    1     1     1     1    1    1    1  2.40896E+07 1.00000 
   59   59    1    1     1     1     1    1    1    1  0.00000E+00 0.00000 
   60   60    1    1     1     1     1    1    1    1  0.00000E+00 0.00000 
   61   61    1    1     1     1     1    1    1    1  0.00000E+00 0.00000 
   62   62    1    1     1     1     1    1    1    1  8.72388E+06 1.00000 
   63   63    1    1     1     1     1    1    1    1  8.53227E+06 1.00000 
   64   64    1    1     1     1     1    1    1    1  8.02368E+06 1.00000 
   65   65    1    1     1     1     1    1    1    1  1.80465E+06 1.00000 
   66   66    1    1     1     1     1    1    1    1  0.00000E+00 0.00000 
   67   67    1    1     1     1     1    1    1    1  0.00000E+00 0.00000 
   68   68    1    1     1     1     1    1    1    1  0.00000E+00 0.00000 
   69   69    1    1     1     1     1    1    1    1  0.00000E+00 0.00000 
   70   70    1    1     1     1     1    1    1    1  0.00000E+00 0.00000 
   71   71    1    1     1     1     1    1    1    1  0.00000E+00 0.00000 
   72   72    1    1     1     1     1    1    1    1  0.00000E+00 0.00000 
   73   73    1    1     1     1     1    1    1    1  0.00000E+00 0.00000 
   74   74    1    1     1     1     1    1    1    1  0.00000E+00 0.00000 
   75   75    1    1     1     1     1    1    1    1  0.00000E+00 0.00000 
   76   76    1    1     1     1     1    1    1    1  0.00000E+00 0.00000 
   77   77    1    1     1     1     1    1    1    1  0.00000E+00 0.00000 
   78   78    1    1     1     1     1    1    1    1  0.00000E+00 0.00000 
   79   79    1    1     1     1     1    1    1    1  2.18998E+07 1.00000 
   80   80    1    1     1     1     1    1    1    1  5.46886E+06 1.00000 
   81   81    1    1     1     1     1    1    1    1  1.29211E+07 0.71147 
   82   82    1    1     1     1     1    1    1    1  1.04301E+06 1.00000 
   83   83    1    1     1     1     1    1    1    1  9.39773E+06 1.00000 
   84   84    1    1     1     1     1    1    1    1  3.11102E+06 1.00000 
   85   85    1    1     1     1     1    1    1    1  1.99009E+07 0.60789 
   86   86    1    1     1     1     1    1    1    1  2.66104E+07 0.57935 
   87   87    1    1     1     1     1    1    1    1  4.11560E+07 0.44983 
   88   88    1    1     1     1     1    1    1    1  3.40066E+07 0.47961 
   89   89    1    1     1     1     1    1    1    1  2.58949E+07 0.67037 
   90   90    1    1     1     1     1    1    1    1  4.12144E+07 0.38158 
   91   91    1    1     1     1     1    1    1    1  6.65423E+07 0.41562 
   92   92    1    1     1     1     1    1    1    1  9.37601E+07 0.53388 
   93   93    1    1     1     1     1    1    1    1  2.25799E+07 0.70753 
   94   94    1    1     1     1     1    1    1    1  3.94790E+07 0.34099 
   95   95    1    1     1     1     1    1    1    1  2.78716E+07 0.40344 
   96   96    1    1     1     1     1    1    1    1  5.86980E+07 0.34440 
   97   97    1    1     1     1     1    1    1    1  4.94134E+07 0.33096 
   98   98    1    1     1     1     1    1    1    1  7.91431E+07 0.41234 
   99   99    1    1     1     1     1    1    1    1  1.16777E+08 0.35636 
  100  100    1    1     1     1     1    1    1    1  9.53343E+07 0.27219 
  101  101    1    1     1     1     1    1    1    1  8.33250E+07 0.24933 
  102  102    1    1     1     1     1    1    1    1  1.07053E+08 0.40814 
  103  103    1    1     1     1     1    1    1    1  1.51539E+08 0.23945 
  104  104    1    1     1     1     1    1    1    1  2.00753E+08 0.30600 
  105  105    1    1     1     1     1    1    1    1  1.99978E+08 0.18759 
