
ZAI = [
666
0
];

NAMES = [
'lost            '
'total           '
];

iLOST    = 1;
iTOT     = 2;

MAT_NaCl_UCl3_VOLUME = [ 1.00000E+00 1.00000E+00 1.00000E+00 1.00000E+00 1.00000E+00 1.00000E+00 1.00000E+00 1.00000E+00 1.00000E+00 1.00000E+00 1.00000E+00 1.00000E+00 1.00000E+00 1.00000E+00 1.00000E+00 1.00000E+00 1.00000E+00 1.00000E+00 1.00000E+00 1.00000E+00 1.00000E+00 1.00000E+00 1.00000E+00 1.00000E+00 1.00000E+00 1.00000E+00 1.00000E+00 ];

MAT_NaCl_UCl3_BURNUP = [ 0.00000E+00 0.00000E+00 0.00000E+00 0.00000E+00 0.00000E+00 0.00000E+00 0.00000E+00 0.00000E+00 0.00000E+00 0.00000E+00 0.00000E+00 0.00000E+00 0.00000E+00 0.00000E+00 0.00000E+00 0.00000E+00 0.00000E+00 0.00000E+00 0.00000E+00 0.00000E+00 0.00000E+00 0.00000E+00 0.00000E+00 0.00000E+00 0.00000E+00 0.00000E+00 0.00000E+00 ];

MAT_NaCl_UCl3_ADENS = [
0.00000E+00 1.06988E-12 2.14606E-12 4.29706E-12 6.44922E-12 8.60181E-12 1.07559E-11 1.29094E-11 1.50643E-11 1.72161E-11 1.93695E-11 2.15197E-11 2.36685E-11 2.58147E-11 2.79569E-11 3.00960E-11 3.22296E-11 3.43559E-11 3.64760E-11 3.85877E-11 4.06890E-11 4.27800E-11 4.48598E-11 4.69281E-11 4.89799E-11 5.10202E-11 5.30444E-11 % lost data
3.42523E-02 3.42663E-02 3.42804E-02 3.43085E-02 3.43365E-02 3.43644E-02 3.43923E-02 3.44201E-02 3.44478E-02 3.44755E-02 3.45031E-02 3.45306E-02 3.45580E-02 3.45854E-02 3.46127E-02 3.46399E-02 3.46671E-02 3.46941E-02 3.47211E-02 3.47480E-02 3.47749E-02 3.48017E-02 3.48284E-02 3.48550E-02 3.48816E-02 3.49081E-02 3.49346E-02 % total
];

MAT_NaCl_UCl3_MDENS = [
0.00000E+00 0.00000E+00 0.00000E+00 0.00000E+00 0.00000E+00 0.00000E+00 0.00000E+00 0.00000E+00 0.00000E+00 0.00000E+00 0.00000E+00 0.00000E+00 0.00000E+00 0.00000E+00 0.00000E+00 0.00000E+00 0.00000E+00 0.00000E+00 0.00000E+00 0.00000E+00 0.00000E+00 0.00000E+00 0.00000E+00 0.00000E+00 0.00000E+00 0.00000E+00 0.00000E+00 % lost data
3.31630E+00 3.31435E+00 3.31236E+00 3.30839E+00 3.30442E+00 3.30045E+00 3.29647E+00 3.29248E+00 3.28849E+00 3.28450E+00 3.28050E+00 3.27650E+00 3.27249E+00 3.26847E+00 3.26445E+00 3.26043E+00 3.25640E+00 3.25237E+00 3.24833E+00 3.24428E+00 3.24023E+00 3.23618E+00 3.23212E+00 3.22806E+00 3.22399E+00 3.21992E+00 3.21584E+00 % total
];

MAT_NaCl_UCl3_A = [
0.00000E+00 0.00000E+00 0.00000E+00 0.00000E+00 0.00000E+00 0.00000E+00 0.00000E+00 0.00000E+00 0.00000E+00 0.00000E+00 0.00000E+00 0.00000E+00 0.00000E+00 0.00000E+00 0.00000E+00 0.00000E+00 0.00000E+00 0.00000E+00 0.00000E+00 0.00000E+00 0.00000E+00 0.00000E+00 0.00000E+00 0.00000E+00 0.00000E+00 0.00000E+00 0.00000E+00 % lost data
4.31815E+04 7.20810E+12 7.33580E+12 7.34157E+12 7.38503E+12 7.42344E+12 7.46024E+12 7.49641E+12 7.53342E+12 7.57033E+12 7.60778E+12 7.64551E+12 7.68326E+12 7.72077E+12 7.75847E+12 7.79500E+12 7.83056E+12 7.86593E+12 7.89923E+12 7.93150E+12 7.96206E+12 7.99003E+12 8.01716E+12 8.04157E+12 8.06525E+12 8.08504E+12 8.10449E+12 % total
];

MAT_NaCl_UCl3_H = [
0.00000E+00 0.00000E+00 0.00000E+00 0.00000E+00 0.00000E+00 0.00000E+00 0.00000E+00 0.00000E+00 0.00000E+00 0.00000E+00 0.00000E+00 0.00000E+00 0.00000E+00 0.00000E+00 0.00000E+00 0.00000E+00 0.00000E+00 0.00000E+00 0.00000E+00 0.00000E+00 0.00000E+00 0.00000E+00 0.00000E+00 0.00000E+00 0.00000E+00 0.00000E+00 0.00000E+00 % lost data
3.10147E-08 2.26196E+00 2.28185E+00 2.25941E+00 2.25266E+00 2.24545E+00 2.23802E+00 2.23039E+00 2.22286E+00 2.21515E+00 2.20770E+00 2.20016E+00 2.19283E+00 2.18562E+00 2.17864E+00 2.17188E+00 2.16531E+00 2.15912E+00 2.15323E+00 2.14771E+00 2.14251E+00 2.13765E+00 2.13334E+00 2.12936E+00 2.12575E+00 2.12255E+00 2.11978E+00 % total
];

MAT_NaCl_UCl3_SF = [
0.00000E+00 0.00000E+00 0.00000E+00 0.00000E+00 0.00000E+00 0.00000E+00 0.00000E+00 0.00000E+00 0.00000E+00 0.00000E+00 0.00000E+00 0.00000E+00 0.00000E+00 0.00000E+00 0.00000E+00 0.00000E+00 0.00000E+00 0.00000E+00 0.00000E+00 0.00000E+00 0.00000E+00 0.00000E+00 0.00000E+00 0.00000E+00 0.00000E+00 0.00000E+00 0.00000E+00 % lost data
9.13196E-03 1.53778E-02 3.43296E-02 1.14746E-01 2.65527E-01 5.13496E-01 8.98651E-01 1.47566E+00 2.31525E+00 3.50521E+00 5.15039E+00 7.37669E+00 1.03226E+01 1.41450E+01 1.90236E+01 2.51344E+01 3.26770E+01 4.18612E+01 5.28765E+01 6.59322E+01 8.12440E+01 9.89608E+01 1.19310E+02 1.42422E+02 1.68576E+02 1.97693E+02 2.30170E+02 % total
];

MAT_NaCl_UCl3_GSRC = [
0.00000E+00 0.00000E+00 0.00000E+00 0.00000E+00 0.00000E+00 0.00000E+00 0.00000E+00 0.00000E+00 0.00000E+00 0.00000E+00 0.00000E+00 0.00000E+00 0.00000E+00 0.00000E+00 0.00000E+00 0.00000E+00 0.00000E+00 0.00000E+00 0.00000E+00 0.00000E+00 0.00000E+00 0.00000E+00 0.00000E+00 0.00000E+00 0.00000E+00 0.00000E+00 0.00000E+00 % lost data
3.55672E+04 9.52075E+12 9.62997E+12 9.58559E+12 9.61638E+12 9.64859E+12 9.68170E+12 9.71511E+12 9.75025E+12 9.78527E+12 9.82136E+12 9.85753E+12 9.89379E+12 9.92961E+12 9.96543E+12 9.99973E+12 1.00325E+13 1.00647E+13 1.00943E+13 1.01223E+13 1.01479E+13 1.01701E+13 1.01911E+13 1.02086E+13 1.02246E+13 1.02362E+13 1.02468E+13 % total
];

MAT_NaCl_UCl3_ING_TOX = [
0.00000E+00 0.00000E+00 0.00000E+00 0.00000E+00 0.00000E+00 0.00000E+00 0.00000E+00 0.00000E+00 0.00000E+00 0.00000E+00 0.00000E+00 0.00000E+00 0.00000E+00 0.00000E+00 0.00000E+00 0.00000E+00 0.00000E+00 0.00000E+00 0.00000E+00 0.00000E+00 0.00000E+00 0.00000E+00 0.00000E+00 0.00000E+00 0.00000E+00 0.00000E+00 0.00000E+00 % lost data
1.99609E-03 3.35623E+03 3.54357E+03 3.70008E+03 3.82821E+03 3.93932E+03 4.04411E+03 4.14622E+03 4.24741E+03 4.34810E+03 4.44877E+03 4.54992E+03 4.65157E+03 4.75393E+03 4.85741E+03 4.96150E+03 5.06642E+03 5.17254E+03 5.27890E+03 5.38589E+03 5.49306E+03 5.59967E+03 5.70626E+03 5.81160E+03 5.91654E+03 6.01875E+03 6.11997E+03 % total
];

MAT_NaCl_UCl3_INH_TOX = [
0.00000E+00 0.00000E+00 0.00000E+00 0.00000E+00 0.00000E+00 0.00000E+00 0.00000E+00 0.00000E+00 0.00000E+00 0.00000E+00 0.00000E+00 0.00000E+00 0.00000E+00 0.00000E+00 0.00000E+00 0.00000E+00 0.00000E+00 0.00000E+00 0.00000E+00 0.00000E+00 0.00000E+00 0.00000E+00 0.00000E+00 0.00000E+00 0.00000E+00 0.00000E+00 0.00000E+00 % lost data
3.58682E-01 6.78458E+03 9.34950E+03 1.34354E+04 1.74163E+04 2.17725E+04 2.67690E+04 3.25990E+04 3.94373E+04 4.74452E+04 5.67765E+04 6.75809E+04 7.99829E+04 9.40881E+04 1.09997E+05 1.27756E+05 1.47393E+05 1.68915E+05 1.92271E+05 2.17383E+05 2.44155E+05 2.72416E+05 3.02020E+05 3.32751E+05 3.64456E+05 3.96823E+05 4.29705E+05 % total
];

MAT_TrashCan_VOLUME = [ 1.00000E+00 1.00000E+00 1.00000E+00 1.00000E+00 1.00000E+00 1.00000E+00 1.00000E+00 1.00000E+00 1.00000E+00 1.00000E+00 1.00000E+00 1.00000E+00 1.00000E+00 1.00000E+00 1.00000E+00 1.00000E+00 1.00000E+00 1.00000E+00 1.00000E+00 1.00000E+00 1.00000E+00 1.00000E+00 1.00000E+00 1.00000E+00 1.00000E+00 1.00000E+00 1.00000E+00 ];

MAT_TrashCan_BURNUP = [ 0.00000E+00 0.00000E+00 0.00000E+00 0.00000E+00 0.00000E+00 0.00000E+00 0.00000E+00 0.00000E+00 0.00000E+00 0.00000E+00 0.00000E+00 0.00000E+00 0.00000E+00 0.00000E+00 0.00000E+00 0.00000E+00 0.00000E+00 0.00000E+00 0.00000E+00 0.00000E+00 0.00000E+00 0.00000E+00 0.00000E+00 0.00000E+00 0.00000E+00 0.00000E+00 0.00000E+00 ];

MAT_TrashCan_ADENS = [
0.00000E+00 0.00000E+00 0.00000E+00 0.00000E+00 0.00000E+00 0.00000E+00 0.00000E+00 0.00000E+00 0.00000E+00 0.00000E+00 0.00000E+00 0.00000E+00 0.00000E+00 0.00000E+00 0.00000E+00 0.00000E+00 0.00000E+00 0.00000E+00 0.00000E+00 0.00000E+00 0.00000E+00 0.00000E+00 0.00000E+00 0.00000E+00 0.00000E+00 0.00000E+00 0.00000E+00 % lost data
1.00000E-24 9.17925E-06 1.85024E-05 3.71661E-05 5.58545E-05 7.45722E-05 9.33213E-05 1.12104E-04 1.30921E-04 1.49775E-04 1.68669E-04 1.87604E-04 2.06581E-04 2.25604E-04 2.44674E-04 2.63793E-04 2.82963E-04 3.02184E-04 3.21460E-04 3.40791E-04 3.60177E-04 3.79621E-04 3.99123E-04 4.18684E-04 4.38305E-04 4.57985E-04 4.77726E-04 % total
];

