
DETspecTot = [
    1    1    1    1     1     1     1    1    1    1  0.00000E+00 0.00000 
    2    2    1    1     1     1     1    1    1    1  0.00000E+00 0.00000 
    3    3    1    1     1     1     1    1    1    1  0.00000E+00 0.00000 
    4    4    1    1     1     1     1    1    1    1  0.00000E+00 0.00000 
    5    5    1    1     1     1     1    1    1    1  0.00000E+00 0.00000 
    6    6    1    1     1     1     1    1    1    1  0.00000E+00 0.00000 
    7    7    1    1     1     1     1    1    1    1  0.00000E+00 0.00000 
    8    8    1    1     1     1     1    1    1    1  0.00000E+00 0.00000 
    9    9    1    1     1     1     1    1    1    1  0.00000E+00 0.00000 
   10   10    1    1     1     1     1    1    1    1  0.00000E+00 0.00000 
   11   11    1    1     1     1     1    1    1    1  0.00000E+00 0.00000 
   12   12    1    1     1     1     1    1    1    1  0.00000E+00 0.00000 
   13   13    1    1     1     1     1    1    1    1  0.00000E+00 0.00000 
   14   14    1    1     1     1     1    1    1    1  0.00000E+00 0.00000 
   15   15    1    1     1     1     1    1    1    1  0.00000E+00 0.00000 
   16   16    1    1     1     1     1    1    1    1  0.00000E+00 0.00000 
   17   17    1    1     1     1     1    1    1    1  0.00000E+00 0.00000 
   18   18    1    1     1     1     1    1    1    1  0.00000E+00 0.00000 
   19   19    1    1     1     1     1    1    1    1  0.00000E+00 0.00000 
   20   20    1    1     1     1     1    1    1    1  0.00000E+00 0.00000 
   21   21    1    1     1     1     1    1    1    1  0.00000E+00 0.00000 
   22   22    1    1     1     1     1    1    1    1  0.00000E+00 0.00000 
   23   23    1    1     1     1     1    1    1    1  0.00000E+00 0.00000 
   24   24    1    1     1     1     1    1    1    1  0.00000E+00 0.00000 
   25   25    1    1     1     1     1    1    1    1  0.00000E+00 0.00000 
   26   26    1    1     1     1     1    1    1    1  0.00000E+00 0.00000 
   27   27    1    1     1     1     1    1    1    1  0.00000E+00 0.00000 
   28   28    1    1     1     1     1    1    1    1  0.00000E+00 0.00000 
   29   29    1    1     1     1     1    1    1    1  0.00000E+00 0.00000 
   30   30    1    1     1     1     1    1    1    1  0.00000E+00 0.00000 
   31   31    1    1     1     1     1    1    1    1  0.00000E+00 0.00000 
   32   32    1    1     1     1     1    1    1    1  0.00000E+00 0.00000 
   33   33    1    1     1     1     1    1    1    1  0.00000E+00 0.00000 
   34   34    1    1     1     1     1    1    1    1  0.00000E+00 0.00000 
   35   35    1    1     1     1     1    1    1    1  0.00000E+00 0.00000 
   36   36    1    1     1     1     1    1    1    1  0.00000E+00 0.00000 
   37   37    1    1     1     1     1    1    1    1  0.00000E+00 0.00000 
   38   38    1    1     1     1     1    1    1    1  0.00000E+00 0.00000 
   39   39    1    1     1     1     1    1    1    1  0.00000E+00 0.00000 
   40   40    1    1     1     1     1    1    1    1  0.00000E+00 0.00000 
   41   41    1    1     1     1     1    1    1    1  0.00000E+00 0.00000 
   42   42    1    1     1     1     1    1    1    1  0.00000E+00 0.00000 
   43   43    1    1     1     1     1    1    1    1  0.00000E+00 0.00000 
   44   44    1    1     1     1     1    1    1    1  0.00000E+00 0.00000 
   45   45    1    1     1     1     1    1    1    1  0.00000E+00 0.00000 
   46   46    1    1     1     1     1    1    1    1  0.00000E+00 0.00000 
   47   47    1    1     1     1     1    1    1    1  3.30845E+06 1.00000 
   48   48    1    1     1     1     1    1    1    1  0.00000E+00 0.00000 
   49   49    1    1     1     1     1    1    1    1  0.00000E+00 0.00000 
   50   50    1    1     1     1     1    1    1    1  0.00000E+00 0.00000 
   51   51    1    1     1     1     1    1    1    1  0.00000E+00 0.00000 
   52   52    1    1     1     1     1    1    1    1  0.00000E+00 0.00000 
   53   53    1    1     1     1     1    1    1    1  0.00000E+00 0.00000 
   54   54    1    1     1     1     1    1    1    1  0.00000E+00 0.00000 
   55   55    1    1     1     1     1    1    1    1  0.00000E+00 0.00000 
   56   56    1    1     1     1     1    1    1    1  0.00000E+00 0.00000 
   57   57    1    1     1     1     1    1    1    1  0.00000E+00 0.00000 
   58   58    1    1     1     1     1    1    1    1  0.00000E+00 0.00000 
   59   59    1    1     1     1     1    1    1    1  1.08779E+07 1.00000 
   60   60    1    1     1     1     1    1    1    1  0.00000E+00 0.00000 
   61   61    1    1     1     1     1    1    1    1  0.00000E+00 0.00000 
   62   62    1    1     1     1     1    1    1    1  0.00000E+00 0.00000 
   63   63    1    1     1     1     1    1    1    1  6.41957E+06 1.00000 
   64   64    1    1     1     1     1    1    1    1  6.39060E+06 1.00000 
   65   65    1    1     1     1     1    1    1    1  0.00000E+00 0.00000 
   66   66    1    1     1     1     1    1    1    1  0.00000E+00 0.00000 
   67   67    1    1     1     1     1    1    1    1  0.00000E+00 0.00000 
   68   68    1    1     1     1     1    1    1    1  0.00000E+00 0.00000 
   69   69    1    1     1     1     1    1    1    1  5.45350E+06 1.00000 
   70   70    1    1     1     1     1    1    1    1  2.27074E+06 1.00000 
   71   71    1    1     1     1     1    1    1    1  9.11345E+06 1.00000 
   72   72    1    1     1     1     1    1    1    1  0.00000E+00 0.00000 
   73   73    1    1     1     1     1    1    1    1  6.88536E+04 1.00000 
   74   74    1    1     1     1     1    1    1    1  1.96781E+07 1.00000 
   75   75    1    1     1     1     1    1    1    1  3.50923E+06 0.71684 
   76   76    1    1     1     1     1    1    1    1  2.74376E+06 1.00000 
   77   77    1    1     1     1     1    1    1    1  1.24980E+07 0.82208 
   78   78    1    1     1     1     1    1    1    1  1.37759E+07 1.00000 
   79   79    1    1     1     1     1    1    1    1  2.61418E+07 0.70709 
   80   80    1    1     1     1     1    1    1    1  2.60263E+07 0.75960 
   81   81    1    1     1     1     1    1    1    1  6.34504E+06 1.00000 
   82   82    1    1     1     1     1    1    1    1  9.00975E+06 0.70718 
   83   83    1    1     1     1     1    1    1    1  4.89632E+07 0.65678 
   84   84    1    1     1     1     1    1    1    1  1.22008E+07 0.77983 
   85   85    1    1     1     1     1    1    1    1  1.86523E+07 0.79380 
   86   86    1    1     1     1     1    1    1    1  1.16986E+07 1.00000 
   87   87    1    1     1     1     1    1    1    1  2.33249E+07 0.89334 
   88   88    1    1     1     1     1    1    1    1  2.99215E+07 0.81226 
   89   89    1    1     1     1     1    1    1    1  3.57204E+07 0.55422 
   90   90    1    1     1     1     1    1    1    1  1.01027E+08 0.37839 
   91   91    1    1     1     1     1    1    1    1  1.10523E+08 0.33435 
   92   92    1    1     1     1     1    1    1    1  8.04571E+07 0.66741 
   93   93    1    1     1     1     1    1    1    1  1.23934E+08 0.53354 
   94   94    1    1     1     1     1    1    1    1  1.00918E+08 0.36164 
   95   95    1    1     1     1     1    1    1    1  3.99968E+07 0.43009 
   96   96    1    1     1     1     1    1    1    1  5.64594E+07 0.35812 
   97   97    1    1     1     1     1    1    1    1  9.15892E+07 0.26483 
   98   98    1    1     1     1     1    1    1    1  2.26355E+08 0.35416 
   99   99    1    1     1     1     1    1    1    1  1.82291E+08 0.33332 
  100  100    1    1     1     1     1    1    1    1  2.75310E+08 0.21781 
  101  101    1    1     1     1     1    1    1    1  3.32383E+08 0.18017 
  102  102    1    1     1     1     1    1    1    1  6.32070E+08 0.25673 
  103  103    1    1     1     1     1    1    1    1  4.37546E+08 0.15883 
  104  104    1    1     1     1     1    1    1    1  7.60256E+08 0.19198 
  105  105    1    1     1     1     1    1    1    1  8.97017E+08 0.11815 
