
DETspecTot = [
    1    1    1    1     1     1     1    1    1    1  0.00000E+00 0.00000 
    2    2    1    1     1     1     1    1    1    1  0.00000E+00 0.00000 
    3    3    1    1     1     1     1    1    1    1  0.00000E+00 0.00000 
    4    4    1    1     1     1     1    1    1    1  0.00000E+00 0.00000 
    5    5    1    1     1     1     1    1    1    1  0.00000E+00 0.00000 
    6    6    1    1     1     1     1    1    1    1  0.00000E+00 0.00000 
    7    7    1    1     1     1     1    1    1    1  0.00000E+00 0.00000 
    8    8    1    1     1     1     1    1    1    1  0.00000E+00 0.00000 
    9    9    1    1     1     1     1    1    1    1  0.00000E+00 0.00000 
   10   10    1    1     1     1     1    1    1    1  0.00000E+00 0.00000 
   11   11    1    1     1     1     1    1    1    1  3.03953E+05 1.00000 
   12   12    1    1     1     1     1    1    1    1  0.00000E+00 0.00000 
   13   13    1    1     1     1     1    1    1    1  0.00000E+00 0.00000 
   14   14    1    1     1     1     1    1    1    1  0.00000E+00 0.00000 
   15   15    1    1     1     1     1    1    1    1  0.00000E+00 0.00000 
   16   16    1    1     1     1     1    1    1    1  0.00000E+00 0.00000 
   17   17    1    1     1     1     1    1    1    1  0.00000E+00 0.00000 
   18   18    1    1     1     1     1    1    1    1  0.00000E+00 0.00000 
   19   19    1    1     1     1     1    1    1    1  0.00000E+00 0.00000 
   20   20    1    1     1     1     1    1    1    1  0.00000E+00 0.00000 
   21   21    1    1     1     1     1    1    1    1  0.00000E+00 0.00000 
   22   22    1    1     1     1     1    1    1    1  0.00000E+00 0.00000 
   23   23    1    1     1     1     1    1    1    1  0.00000E+00 0.00000 
   24   24    1    1     1     1     1    1    1    1  0.00000E+00 0.00000 
   25   25    1    1     1     1     1    1    1    1  0.00000E+00 0.00000 
   26   26    1    1     1     1     1    1    1    1  0.00000E+00 0.00000 
   27   27    1    1     1     1     1    1    1    1  0.00000E+00 0.00000 
   28   28    1    1     1     1     1    1    1    1  0.00000E+00 0.00000 
   29   29    1    1     1     1     1    1    1    1  0.00000E+00 0.00000 
   30   30    1    1     1     1     1    1    1    1  0.00000E+00 0.00000 
   31   31    1    1     1     1     1    1    1    1  0.00000E+00 0.00000 
   32   32    1    1     1     1     1    1    1    1  0.00000E+00 0.00000 
   33   33    1    1     1     1     1    1    1    1  0.00000E+00 0.00000 
   34   34    1    1     1     1     1    1    1    1  0.00000E+00 0.00000 
   35   35    1    1     1     1     1    1    1    1  0.00000E+00 0.00000 
   36   36    1    1     1     1     1    1    1    1  0.00000E+00 0.00000 
   37   37    1    1     1     1     1    1    1    1  0.00000E+00 0.00000 
   38   38    1    1     1     1     1    1    1    1  0.00000E+00 0.00000 
   39   39    1    1     1     1     1    1    1    1  0.00000E+00 0.00000 
   40   40    1    1     1     1     1    1    1    1  0.00000E+00 0.00000 
   41   41    1    1     1     1     1    1    1    1  0.00000E+00 0.00000 
   42   42    1    1     1     1     1    1    1    1  0.00000E+00 0.00000 
   43   43    1    1     1     1     1    1    1    1  0.00000E+00 0.00000 
   44   44    1    1     1     1     1    1    1    1  0.00000E+00 0.00000 
   45   45    1    1     1     1     1    1    1    1  0.00000E+00 0.00000 
   46   46    1    1     1     1     1    1    1    1  0.00000E+00 0.00000 
   47   47    1    1     1     1     1    1    1    1  0.00000E+00 0.00000 
   48   48    1    1     1     1     1    1    1    1  0.00000E+00 0.00000 
   49   49    1    1     1     1     1    1    1    1  0.00000E+00 0.00000 
   50   50    1    1     1     1     1    1    1    1  0.00000E+00 0.00000 
   51   51    1    1     1     1     1    1    1    1  0.00000E+00 0.00000 
   52   52    1    1     1     1     1    1    1    1  0.00000E+00 0.00000 
   53   53    1    1     1     1     1    1    1    1  0.00000E+00 0.00000 
   54   54    1    1     1     1     1    1    1    1  0.00000E+00 0.00000 
   55   55    1    1     1     1     1    1    1    1  0.00000E+00 0.00000 
   56   56    1    1     1     1     1    1    1    1  0.00000E+00 0.00000 
   57   57    1    1     1     1     1    1    1    1  0.00000E+00 0.00000 
   58   58    1    1     1     1     1    1    1    1  0.00000E+00 0.00000 
   59   59    1    1     1     1     1    1    1    1  0.00000E+00 0.00000 
   60   60    1    1     1     1     1    1    1    1  0.00000E+00 0.00000 
   61   61    1    1     1     1     1    1    1    1  0.00000E+00 0.00000 
   62   62    1    1     1     1     1    1    1    1  0.00000E+00 0.00000 
   63   63    1    1     1     1     1    1    1    1  0.00000E+00 0.00000 
   64   64    1    1     1     1     1    1    1    1  0.00000E+00 0.00000 
   65   65    1    1     1     1     1    1    1    1  1.63139E+06 1.00000 
   66   66    1    1     1     1     1    1    1    1  0.00000E+00 0.00000 
   67   67    1    1     1     1     1    1    1    1  0.00000E+00 0.00000 
   68   68    1    1     1     1     1    1    1    1  0.00000E+00 0.00000 
   69   69    1    1     1     1     1    1    1    1  0.00000E+00 0.00000 
   70   70    1    1     1     1     1    1    1    1  0.00000E+00 0.00000 
   71   71    1    1     1     1     1    1    1    1  0.00000E+00 0.00000 
   72   72    1    1     1     1     1    1    1    1  0.00000E+00 0.00000 
   73   73    1    1     1     1     1    1    1    1  1.28691E+06 0.96116 
   74   74    1    1     1     1     1    1    1    1  2.04421E+07 0.78412 
   75   75    1    1     1     1     1    1    1    1  6.71577E+06 1.00000 
   76   76    1    1     1     1     1    1    1    1  8.31944E+06 1.00000 
   77   77    1    1     1     1     1    1    1    1  9.59931E+06 0.70703 
   78   78    1    1     1     1     1    1    1    1  0.00000E+00 0.00000 
   79   79    1    1     1     1     1    1    1    1  6.55116E+06 0.70919 
   80   80    1    1     1     1     1    1    1    1  1.03332E+07 1.00000 
   81   81    1    1     1     1     1    1    1    1  8.52410E+06 1.00000 
   82   82    1    1     1     1     1    1    1    1  7.22927E+06 0.71950 
   83   83    1    1     1     1     1    1    1    1  3.47410E+07 0.62943 
   84   84    1    1     1     1     1    1    1    1  1.23720E+07 0.50529 
   85   85    1    1     1     1     1    1    1    1  2.72772E+07 0.54945 
   86   86    1    1     1     1     1    1    1    1  2.58272E+07 0.58300 
   87   87    1    1     1     1     1    1    1    1  7.06279E+06 0.72495 
   88   88    1    1     1     1     1    1    1    1  0.00000E+00 0.00000 
   89   89    1    1     1     1     1    1    1    1  6.32752E+06 0.71390 
   90   90    1    1     1     1     1    1    1    1  4.10060E+07 0.38357 
   91   91    1    1     1     1     1    1    1    1  5.12769E+07 0.34922 
   92   92    1    1     1     1     1    1    1    1  1.05028E+08 0.43237 
   93   93    1    1     1     1     1    1    1    1  9.89173E+07 0.48646 
   94   94    1    1     1     1     1    1    1    1  2.98381E+07 0.57001 
   95   95    1    1     1     1     1    1    1    1  1.73203E+07 0.41519 
   96   96    1    1     1     1     1    1    1    1  7.02472E+07 0.35457 
   97   97    1    1     1     1     1    1    1    1  1.18907E+08 0.29058 
   98   98    1    1     1     1     1    1    1    1  9.23982E+07 0.36441 
   99   99    1    1     1     1     1    1    1    1  1.33600E+08 0.29881 
  100  100    1    1     1     1     1    1    1    1  6.03857E+07 0.25251 
  101  101    1    1     1     1     1    1    1    1  1.26085E+08 0.25090 
  102  102    1    1     1     1     1    1    1    1  1.74899E+08 0.39661 
  103  103    1    1     1     1     1    1    1    1  1.67791E+08 0.26066 
  104  104    1    1     1     1     1    1    1    1  1.63744E+08 0.30446 
  105  105    1    1     1     1     1    1    1    1  2.94688E+08 0.19971 
