
DETspecTot = [
    1    1    1    1     1     1     1    1    1    1  0.00000E+00 0.00000 
    2    2    1    1     1     1     1    1    1    1  0.00000E+00 0.00000 
    3    3    1    1     1     1     1    1    1    1  0.00000E+00 0.00000 
    4    4    1    1     1     1     1    1    1    1  0.00000E+00 0.00000 
    5    5    1    1     1     1     1    1    1    1  0.00000E+00 0.00000 
    6    6    1    1     1     1     1    1    1    1  0.00000E+00 0.00000 
    7    7    1    1     1     1     1    1    1    1  0.00000E+00 0.00000 
    8    8    1    1     1     1     1    1    1    1  0.00000E+00 0.00000 
    9    9    1    1     1     1     1    1    1    1  0.00000E+00 0.00000 
   10   10    1    1     1     1     1    1    1    1  0.00000E+00 0.00000 
   11   11    1    1     1     1     1    1    1    1  0.00000E+00 0.00000 
   12   12    1    1     1     1     1    1    1    1  0.00000E+00 0.00000 
   13   13    1    1     1     1     1    1    1    1  0.00000E+00 0.00000 
   14   14    1    1     1     1     1    1    1    1  0.00000E+00 0.00000 
   15   15    1    1     1     1     1    1    1    1  0.00000E+00 0.00000 
   16   16    1    1     1     1     1    1    1    1  0.00000E+00 0.00000 
   17   17    1    1     1     1     1    1    1    1  0.00000E+00 0.00000 
   18   18    1    1     1     1     1    1    1    1  0.00000E+00 0.00000 
   19   19    1    1     1     1     1    1    1    1  0.00000E+00 0.00000 
   20   20    1    1     1     1     1    1    1    1  0.00000E+00 0.00000 
   21   21    1    1     1     1     1    1    1    1  0.00000E+00 0.00000 
   22   22    1    1     1     1     1    1    1    1  0.00000E+00 0.00000 
   23   23    1    1     1     1     1    1    1    1  0.00000E+00 0.00000 
   24   24    1    1     1     1     1    1    1    1  0.00000E+00 0.00000 
   25   25    1    1     1     1     1    1    1    1  0.00000E+00 0.00000 
   26   26    1    1     1     1     1    1    1    1  0.00000E+00 0.00000 
   27   27    1    1     1     1     1    1    1    1  0.00000E+00 0.00000 
   28   28    1    1     1     1     1    1    1    1  0.00000E+00 0.00000 
   29   29    1    1     1     1     1    1    1    1  0.00000E+00 0.00000 
   30   30    1    1     1     1     1    1    1    1  0.00000E+00 0.00000 
   31   31    1    1     1     1     1    1    1    1  0.00000E+00 0.00000 
   32   32    1    1     1     1     1    1    1    1  0.00000E+00 0.00000 
   33   33    1    1     1     1     1    1    1    1  0.00000E+00 0.00000 
   34   34    1    1     1     1     1    1    1    1  0.00000E+00 0.00000 
   35   35    1    1     1     1     1    1    1    1  0.00000E+00 0.00000 
   36   36    1    1     1     1     1    1    1    1  0.00000E+00 0.00000 
   37   37    1    1     1     1     1    1    1    1  0.00000E+00 0.00000 
   38   38    1    1     1     1     1    1    1    1  1.98815E+06 1.00000 
   39   39    1    1     1     1     1    1    1    1  0.00000E+00 0.00000 
   40   40    1    1     1     1     1    1    1    1  0.00000E+00 0.00000 
   41   41    1    1     1     1     1    1    1    1  0.00000E+00 0.00000 
   42   42    1    1     1     1     1    1    1    1  0.00000E+00 0.00000 
   43   43    1    1     1     1     1    1    1    1  0.00000E+00 0.00000 
   44   44    1    1     1     1     1    1    1    1  0.00000E+00 0.00000 
   45   45    1    1     1     1     1    1    1    1  0.00000E+00 0.00000 
   46   46    1    1     1     1     1    1    1    1  0.00000E+00 0.00000 
   47   47    1    1     1     1     1    1    1    1  0.00000E+00 0.00000 
   48   48    1    1     1     1     1    1    1    1  0.00000E+00 0.00000 
   49   49    1    1     1     1     1    1    1    1  0.00000E+00 0.00000 
   50   50    1    1     1     1     1    1    1    1  0.00000E+00 0.00000 
   51   51    1    1     1     1     1    1    1    1  0.00000E+00 0.00000 
   52   52    1    1     1     1     1    1    1    1  8.33670E+06 1.00000 
   53   53    1    1     1     1     1    1    1    1  0.00000E+00 0.00000 
   54   54    1    1     1     1     1    1    1    1  1.97052E+07 1.00000 
   55   55    1    1     1     1     1    1    1    1  0.00000E+00 0.00000 
   56   56    1    1     1     1     1    1    1    1  0.00000E+00 0.00000 
   57   57    1    1     1     1     1    1    1    1  0.00000E+00 0.00000 
   58   58    1    1     1     1     1    1    1    1  3.28445E+07 1.00000 
   59   59    1    1     1     1     1    1    1    1  2.00700E+07 0.70716 
   60   60    1    1     1     1     1    1    1    1  2.22835E+07 1.00000 
   61   61    1    1     1     1     1    1    1    1  1.11951E+08 1.00000 
   62   62    1    1     1     1     1    1    1    1  1.05594E+07 1.00000 
   63   63    1    1     1     1     1    1    1    1  3.53831E+07 0.74105 
   64   64    1    1     1     1     1    1    1    1  3.26173E+07 0.84318 
   65   65    1    1     1     1     1    1    1    1  1.02445E+07 1.00000 
   66   66    1    1     1     1     1    1    1    1  1.13112E+07 1.00000 
   67   67    1    1     1     1     1    1    1    1  0.00000E+00 0.00000 
   68   68    1    1     1     1     1    1    1    1  0.00000E+00 0.00000 
   69   69    1    1     1     1     1    1    1    1  0.00000E+00 0.00000 
   70   70    1    1     1     1     1    1    1    1  0.00000E+00 0.00000 
   71   71    1    1     1     1     1    1    1    1  3.81158E+06 1.00000 
   72   72    1    1     1     1     1    1    1    1  4.57038E+06 1.00000 
   73   73    1    1     1     1     1    1    1    1  1.28261E+05 0.70710 
   74   74    1    1     1     1     1    1    1    1  1.22346E+07 0.70704 
   75   75    1    1     1     1     1    1    1    1  2.43452E+07 0.86542 
   76   76    1    1     1     1     1    1    1    1  2.02435E+07 0.73108 
   77   77    1    1     1     1     1    1    1    1  1.27363E+07 0.74627 
   78   78    1    1     1     1     1    1    1    1  1.32863E+07 1.00000 
   79   79    1    1     1     1     1    1    1    1  6.65062E+06 1.00000 
   80   80    1    1     1     1     1    1    1    1  1.44309E+07 0.70786 
   81   81    1    1     1     1     1    1    1    1  0.00000E+00 0.00000 
   82   82    1    1     1     1     1    1    1    1  0.00000E+00 0.00000 
   83   83    1    1     1     1     1    1    1    1  1.27304E+07 1.00000 
   84   84    1    1     1     1     1    1    1    1  7.90388E+06 0.84854 
   85   85    1    1     1     1     1    1    1    1  3.46622E+07 0.71139 
   86   86    1    1     1     1     1    1    1    1  1.95347E+07 1.00000 
   87   87    1    1     1     1     1    1    1    1  3.68835E+07 0.52408 
   88   88    1    1     1     1     1    1    1    1  5.89129E+06 0.71076 
   89   89    1    1     1     1     1    1    1    1  3.41225E+07 0.47519 
   90   90    1    1     1     1     1    1    1    1  8.64557E+07 0.41706 
   91   91    1    1     1     1     1    1    1    1  9.17152E+07 0.31872 
   92   92    1    1     1     1     1    1    1    1  1.52559E+08 0.44749 
   93   93    1    1     1     1     1    1    1    1  8.55032E+07 0.47208 
   94   94    1    1     1     1     1    1    1    1  6.02676E+07 0.44529 
   95   95    1    1     1     1     1    1    1    1  5.49378E+07 0.39010 
   96   96    1    1     1     1     1    1    1    1  3.88364E+07 0.49490 
   97   97    1    1     1     1     1    1    1    1  8.96820E+07 0.24518 
   98   98    1    1     1     1     1    1    1    1  2.97013E+08 0.26556 
   99   99    1    1     1     1     1    1    1    1  2.25839E+08 0.35751 
  100  100    1    1     1     1     1    1    1    1  3.03708E+08 0.21785 
  101  101    1    1     1     1     1    1    1    1  3.22507E+08 0.18683 
  102  102    1    1     1     1     1    1    1    1  4.42977E+08 0.29169 
  103  103    1    1     1     1     1    1    1    1  2.54060E+08 0.21452 
  104  104    1    1     1     1     1    1    1    1  5.94830E+08 0.20535 
  105  105    1    1     1     1     1    1    1    1  6.75450E+08 0.13604 
