
DETspecTot = [
    1    1    1    1     1     1     1    1    1    1  0.00000E+00 0.00000 
    2    2    1    1     1     1     1    1    1    1  0.00000E+00 0.00000 
    3    3    1    1     1     1     1    1    1    1  4.73860E+04 1.00000 
    4    4    1    1     1     1     1    1    1    1  0.00000E+00 0.00000 
    5    5    1    1     1     1     1    1    1    1  0.00000E+00 0.00000 
    6    6    1    1     1     1     1    1    1    1  0.00000E+00 0.00000 
    7    7    1    1     1     1     1    1    1    1  0.00000E+00 0.00000 
    8    8    1    1     1     1     1    1    1    1  0.00000E+00 0.00000 
    9    9    1    1     1     1     1    1    1    1  0.00000E+00 0.00000 
   10   10    1    1     1     1     1    1    1    1  0.00000E+00 0.00000 
   11   11    1    1     1     1     1    1    1    1  2.16507E+05 1.00000 
   12   12    1    1     1     1     1    1    1    1  0.00000E+00 0.00000 
   13   13    1    1     1     1     1    1    1    1  2.59095E+05 1.00000 
   14   14    1    1     1     1     1    1    1    1  0.00000E+00 0.00000 
   15   15    1    1     1     1     1    1    1    1  0.00000E+00 0.00000 
   16   16    1    1     1     1     1    1    1    1  0.00000E+00 0.00000 
   17   17    1    1     1     1     1    1    1    1  1.06726E+06 0.71013 
   18   18    1    1     1     1     1    1    1    1  6.18171E+05 1.00000 
   19   19    1    1     1     1     1    1    1    1  0.00000E+00 0.00000 
   20   20    1    1     1     1     1    1    1    1  5.88695E+05 1.00000 
   21   21    1    1     1     1     1    1    1    1  3.95870E+05 1.00000 
   22   22    1    1     1     1     1    1    1    1  3.77359E+05 1.00000 
   23   23    1    1     1     1     1    1    1    1  0.00000E+00 0.00000 
   24   24    1    1     1     1     1    1    1    1  3.38376E+06 0.57893 
   25   25    1    1     1     1     1    1    1    1  0.00000E+00 0.00000 
   26   26    1    1     1     1     1    1    1    1  0.00000E+00 0.00000 
   27   27    1    1     1     1     1    1    1    1  1.90054E+06 1.00000 
   28   28    1    1     1     1     1    1    1    1  8.26669E+06 0.57755 
   29   29    1    1     1     1     1    1    1    1  0.00000E+00 0.00000 
   30   30    1    1     1     1     1    1    1    1  5.49701E+06 0.57731 
   31   31    1    1     1     1     1    1    1    1  6.73008E+06 0.70704 
   32   32    1    1     1     1     1    1    1    1  0.00000E+00 0.00000 
   33   33    1    1     1     1     1    1    1    1  1.65369E+07 0.62383 
   34   34    1    1     1     1     1    1    1    1  1.30124E+07 0.70735 
   35   35    1    1     1     1     1    1    1    1  1.19291E+07 1.00000 
   36   36    1    1     1     1     1    1    1    1  0.00000E+00 0.00000 
   37   37    1    1     1     1     1    1    1    1  1.08195E+07 1.00000 
   38   38    1    1     1     1     1    1    1    1  0.00000E+00 0.00000 
   39   39    1    1     1     1     1    1    1    1  0.00000E+00 0.00000 
   40   40    1    1     1     1     1    1    1    1  0.00000E+00 0.00000 
   41   41    1    1     1     1     1    1    1    1  0.00000E+00 0.00000 
   42   42    1    1     1     1     1    1    1    1  3.79262E+06 1.00000 
   43   43    1    1     1     1     1    1    1    1  2.41193E+06 1.00000 
   44   44    1    1     1     1     1    1    1    1  0.00000E+00 0.00000 
   45   45    1    1     1     1     1    1    1    1  1.15018E+07 0.58658 
   46   46    1    1     1     1     1    1    1    1  1.14486E+07 0.73572 
   47   47    1    1     1     1     1    1    1    1  3.50508E+07 0.42988 
   48   48    1    1     1     1     1    1    1    1  6.42776E+07 0.44260 
   49   49    1    1     1     1     1    1    1    1  7.60054E+07 0.47243 
   50   50    1    1     1     1     1    1    1    1  0.00000E+00 0.00000 
   51   51    1    1     1     1     1    1    1    1  5.58762E+07 0.55407 
   52   52    1    1     1     1     1    1    1    1  5.46674E+07 0.43686 
   53   53    1    1     1     1     1    1    1    1  5.32578E+07 0.47219 
   54   54    1    1     1     1     1    1    1    1  8.12863E+07 0.59961 
   55   55    1    1     1     1     1    1    1    1  1.54931E+08 0.43105 
   56   56    1    1     1     1     1    1    1    1  5.68113E+07 1.00000 
   57   57    1    1     1     1     1    1    1    1  1.89772E+08 0.37401 
   58   58    1    1     1     1     1    1    1    1  9.67086E+07 0.40192 
   59   59    1    1     1     1     1    1    1    1  4.11998E+07 0.44816 
   60   60    1    1     1     1     1    1    1    1  8.55475E+07 0.40636 
   61   61    1    1     1     1     1    1    1    1  9.34245E+07 1.00000 
   62   62    1    1     1     1     1    1    1    1  1.08288E+08 0.28185 
   63   63    1    1     1     1     1    1    1    1  1.02259E+08 0.36066 
   64   64    1    1     1     1     1    1    1    1  1.09951E+08 0.33258 
   65   65    1    1     1     1     1    1    1    1  1.21123E+08 0.27924 
   66   66    1    1     1     1     1    1    1    1  1.39940E+08 0.38945 
   67   67    1    1     1     1     1    1    1    1  5.98516E+07 0.48213 
   68   68    1    1     1     1     1    1    1    1  3.26773E+07 0.57740 
   69   69    1    1     1     1     1    1    1    1  6.87759E+07 0.29988 
   70   70    1    1     1     1     1    1    1    1  2.15977E+07 0.41010 
   71   71    1    1     1     1     1    1    1    1  3.28114E+07 0.28884 
   72   72    1    1     1     1     1    1    1    1  2.19995E+07 0.39289 
   73   73    1    1     1     1     1    1    1    1  2.38431E+07 0.31982 
   74   74    1    1     1     1     1    1    1    1  2.20876E+08 0.25950 
   75   75    1    1     1     1     1    1    1    1  1.20300E+08 0.24800 
   76   76    1    1     1     1     1    1    1    1  7.69588E+07 0.32026 
   77   77    1    1     1     1     1    1    1    1  2.04956E+08 0.20432 
   78   78    1    1     1     1     1    1    1    1  1.45268E+08 0.28362 
   79   79    1    1     1     1     1    1    1    1  4.63573E+08 0.20421 
   80   80    1    1     1     1     1    1    1    1  3.95484E+08 0.21865 
   81   81    1    1     1     1     1    1    1    1  1.17826E+08 0.24990 
   82   82    1    1     1     1     1    1    1    1  1.95159E+08 0.16575 
   83   83    1    1     1     1     1    1    1    1  3.79198E+08 0.21437 
   84   84    1    1     1     1     1    1    1    1  1.85274E+08 0.15293 
   85   85    1    1     1     1     1    1    1    1  4.82356E+08 0.15270 
   86   86    1    1     1     1     1    1    1    1  5.54898E+08 0.17055 
   87   87    1    1     1     1     1    1    1    1  2.91999E+08 0.18060 
   88   88    1    1     1     1     1    1    1    1  2.37023E+08 0.16401 
   89   89    1    1     1     1     1    1    1    1  3.18676E+08 0.13953 
   90   90    1    1     1     1     1    1    1    1  8.13278E+08 0.11860 
   91   91    1    1     1     1     1    1    1    1  1.10878E+09 0.10090 
   92   92    1    1     1     1     1    1    1    1  9.87263E+08 0.16036 
   93   93    1    1     1     1     1    1    1    1  8.39748E+08 0.15824 
   94   94    1    1     1     1     1    1    1    1  6.91064E+08 0.12226 
   95   95    1    1     1     1     1    1    1    1  3.10190E+08 0.12536 
   96   96    1    1     1     1     1    1    1    1  7.17564E+08 0.12470 
   97   97    1    1     1     1     1    1    1    1  7.80114E+08 0.08172 
   98   98    1    1     1     1     1    1    1    1  1.47482E+09 0.10523 
   99   99    1    1     1     1     1    1    1    1  1.74403E+09 0.10206 
  100  100    1    1     1     1     1    1    1    1  1.59797E+09 0.07833 
  101  101    1    1     1     1     1    1    1    1  1.57169E+09 0.07213 
  102  102    1    1     1     1     1    1    1    1  2.41533E+09 0.10771 
  103  103    1    1     1     1     1    1    1    1  2.01904E+09 0.07432 
  104  104    1    1     1     1     1    1    1    1  3.15068E+09 0.08468 
  105  105    1    1     1     1     1    1    1    1  3.00655E+09 0.05975 
