
DETspecTot = [
    1    1    1    1     1     1     1    1    1    1  0.00000E+00 0.00000 
    2    2    1    1     1     1     1    1    1    1  0.00000E+00 0.00000 
    3    3    1    1     1     1     1    1    1    1  0.00000E+00 0.00000 
    4    4    1    1     1     1     1    1    1    1  0.00000E+00 0.00000 
    5    5    1    1     1     1     1    1    1    1  0.00000E+00 0.00000 
    6    6    1    1     1     1     1    1    1    1  0.00000E+00 0.00000 
    7    7    1    1     1     1     1    1    1    1  0.00000E+00 0.00000 
    8    8    1    1     1     1     1    1    1    1  0.00000E+00 0.00000 
    9    9    1    1     1     1     1    1    1    1  0.00000E+00 0.00000 
   10   10    1    1     1     1     1    1    1    1  0.00000E+00 0.00000 
   11   11    1    1     1     1     1    1    1    1  0.00000E+00 0.00000 
   12   12    1    1     1     1     1    1    1    1  0.00000E+00 0.00000 
   13   13    1    1     1     1     1    1    1    1  4.85374E+05 0.70746 
   14   14    1    1     1     1     1    1    1    1  9.89405E+05 1.00000 
   15   15    1    1     1     1     1    1    1    1  4.37000E+05 1.00000 
   16   16    1    1     1     1     1    1    1    1  1.40403E+06 0.57822 
   17   17    1    1     1     1     1    1    1    1  1.02421E+06 0.70761 
   18   18    1    1     1     1     1    1    1    1  0.00000E+00 0.00000 
   19   19    1    1     1     1     1    1    1    1  0.00000E+00 0.00000 
   20   20    1    1     1     1     1    1    1    1  5.38292E+05 1.00000 
   21   21    1    1     1     1     1    1    1    1  3.98388E+05 1.00000 
   22   22    1    1     1     1     1    1    1    1  0.00000E+00 0.00000 
   23   23    1    1     1     1     1    1    1    1  4.75857E+05 1.00000 
   24   24    1    1     1     1     1    1    1    1  2.77702E+06 0.75649 
   25   25    1    1     1     1     1    1    1    1  8.01033E+06 0.57761 
   26   26    1    1     1     1     1    1    1    1  1.14454E+07 0.57770 
   27   27    1    1     1     1     1    1    1    1  9.08941E+06 0.53384 
   28   28    1    1     1     1     1    1    1    1  1.34831E+07 0.44759 
   29   29    1    1     1     1     1    1    1    1  0.00000E+00 0.00000 
   30   30    1    1     1     1     1    1    1    1  5.76435E+06 0.57807 
   31   31    1    1     1     1     1    1    1    1  2.47089E+07 0.42944 
   32   32    1    1     1     1     1    1    1    1  1.06595E+07 1.00000 
   33   33    1    1     1     1     1    1    1    1  1.68358E+07 0.40837 
   34   34    1    1     1     1     1    1    1    1  2.11377E+07 0.40355 
   35   35    1    1     1     1     1    1    1    1  0.00000E+00 0.00000 
   36   36    1    1     1     1     1    1    1    1  9.22557E+06 0.57778 
   37   37    1    1     1     1     1    1    1    1  7.26150E+06 0.64344 
   38   38    1    1     1     1     1    1    1    1  1.39317E+06 1.00000 
   39   39    1    1     1     1     1    1    1    1  0.00000E+00 0.00000 
   40   40    1    1     1     1     1    1    1    1  3.30164E+05 1.00000 
   41   41    1    1     1     1     1    1    1    1  0.00000E+00 0.00000 
   42   42    1    1     1     1     1    1    1    1  1.50161E+06 1.00000 
   43   43    1    1     1     1     1    1    1    1  0.00000E+00 0.00000 
   44   44    1    1     1     1     1    1    1    1  0.00000E+00 0.00000 
   45   45    1    1     1     1     1    1    1    1  8.62114E+06 0.50733 
   46   46    1    1     1     1     1    1    1    1  1.97275E+07 0.42908 
   47   47    1    1     1     1     1    1    1    1  2.19269E+07 0.37816 
   48   48    1    1     1     1     1    1    1    1  2.96971E+07 0.40995 
   49   49    1    1     1     1     1    1    1    1  9.14511E+07 0.31964 
   50   50    1    1     1     1     1    1    1    1  9.09837E+07 1.00000 
   51   51    1    1     1     1     1    1    1    1  6.75138E+07 0.37228 
   52   52    1    1     1     1     1    1    1    1  1.06562E+08 0.31461 
   53   53    1    1     1     1     1    1    1    1  2.20816E+08 0.30189 
   54   54    1    1     1     1     1    1    1    1  3.84526E+08 0.26176 
   55   55    1    1     1     1     1    1    1    1  2.38144E+08 0.25472 
   56   56    1    1     1     1     1    1    1    1  1.94343E+08 0.57727 
   57   57    1    1     1     1     1    1    1    1  3.17503E+08 0.26884 
   58   58    1    1     1     1     1    1    1    1  2.97201E+08 0.24409 
   59   59    1    1     1     1     1    1    1    1  2.89556E+08 0.23658 
   60   60    1    1     1     1     1    1    1    1  4.03790E+08 0.19849 
   61   61    1    1     1     1     1    1    1    1  1.01955E+08 1.00000 
   62   62    1    1     1     1     1    1    1    1  5.37342E+08 0.16198 
   63   63    1    1     1     1     1    1    1    1  5.93161E+08 0.16915 
   64   64    1    1     1     1     1    1    1    1  4.29385E+08 0.18158 
   65   65    1    1     1     1     1    1    1    1  4.09602E+08 0.16936 
   66   66    1    1     1     1     1    1    1    1  4.70127E+08 0.20622 
   67   67    1    1     1     1     1    1    1    1  3.62962E+08 0.17560 
   68   68    1    1     1     1     1    1    1    1  5.48141E+08 0.23686 
   69   69    1    1     1     1     1    1    1    1  2.54034E+08 0.24309 
   70   70    1    1     1     1     1    1    1    1  7.25194E+07 0.19219 
   71   71    1    1     1     1     1    1    1    1  8.37376E+07 0.19290 
   72   72    1    1     1     1     1    1    1    1  2.06127E+08 0.18611 
   73   73    1    1     1     1     1    1    1    1  9.53230E+07 0.21815 
   74   74    1    1     1     1     1    1    1    1  4.33103E+08 0.17615 
   75   75    1    1     1     1     1    1    1    1  1.91741E+08 0.17437 
   76   76    1    1     1     1     1    1    1    1  1.67137E+08 0.17934 
   77   77    1    1     1     1     1    1    1    1  4.85103E+08 0.14006 
   78   78    1    1     1     1     1    1    1    1  6.27979E+08 0.17801 
   79   79    1    1     1     1     1    1    1    1  9.41086E+08 0.13388 
   80   80    1    1     1     1     1    1    1    1  6.67928E+08 0.14978 
   81   81    1    1     1     1     1    1    1    1  2.53758E+08 0.15758 
   82   82    1    1     1     1     1    1    1    1  5.71087E+08 0.10368 
   83   83    1    1     1     1     1    1    1    1  1.11764E+09 0.11376 
   84   84    1    1     1     1     1    1    1    1  3.18669E+08 0.10244 
   85   85    1    1     1     1     1    1    1    1  1.04528E+09 0.10431 
   86   86    1    1     1     1     1    1    1    1  9.91794E+08 0.13517 
   87   87    1    1     1     1     1    1    1    1  9.25044E+08 0.11480 
   88   88    1    1     1     1     1    1    1    1  9.93827E+08 0.10221 
   89   89    1    1     1     1     1    1    1    1  1.05356E+09 0.07950 
   90   90    1    1     1     1     1    1    1    1  3.20403E+09 0.07022 
   91   91    1    1     1     1     1    1    1    1  3.30752E+09 0.06110 
   92   92    1    1     1     1     1    1    1    1  4.04731E+09 0.08436 
   93   93    1    1     1     1     1    1    1    1  3.35427E+09 0.08799 
   94   94    1    1     1     1     1    1    1    1  2.53772E+09 0.07059 
   95   95    1    1     1     1     1    1    1    1  1.53895E+09 0.07039 
   96   96    1    1     1     1     1    1    1    1  2.27188E+09 0.07495 
   97   97    1    1     1     1     1    1    1    1  2.20258E+09 0.05451 
   98   98    1    1     1     1     1    1    1    1  3.76993E+09 0.06427 
   99   99    1    1     1     1     1    1    1    1  4.52666E+09 0.06736 
  100  100    1    1     1     1     1    1    1    1  4.96601E+09 0.05029 
  101  101    1    1     1     1     1    1    1    1  5.05646E+09 0.04397 
  102  102    1    1     1     1     1    1    1    1  6.99375E+09 0.06865 
  103  103    1    1     1     1     1    1    1    1  5.21095E+09 0.04805 
  104  104    1    1     1     1     1    1    1    1  9.27140E+09 0.05500 
  105  105    1    1     1     1     1    1    1    1  7.48709E+09 0.03943 
