
DETspecTot = [
    1    1    1    1     1     1     1    1    1    1  0.00000E+00 0.00000 
    2    2    1    1     1     1     1    1    1    1  0.00000E+00 0.00000 
    3    3    1    1     1     1     1    1    1    1  0.00000E+00 0.00000 
    4    4    1    1     1     1     1    1    1    1  0.00000E+00 0.00000 
    5    5    1    1     1     1     1    1    1    1  0.00000E+00 0.00000 
    6    6    1    1     1     1     1    1    1    1  0.00000E+00 0.00000 
    7    7    1    1     1     1     1    1    1    1  0.00000E+00 0.00000 
    8    8    1    1     1     1     1    1    1    1  0.00000E+00 0.00000 
    9    9    1    1     1     1     1    1    1    1  0.00000E+00 0.00000 
   10   10    1    1     1     1     1    1    1    1  0.00000E+00 0.00000 
   11   11    1    1     1     1     1    1    1    1  0.00000E+00 0.00000 
   12   12    1    1     1     1     1    1    1    1  0.00000E+00 0.00000 
   13   13    1    1     1     1     1    1    1    1  0.00000E+00 0.00000 
   14   14    1    1     1     1     1    1    1    1  0.00000E+00 0.00000 
   15   15    1    1     1     1     1    1    1    1  0.00000E+00 0.00000 
   16   16    1    1     1     1     1    1    1    1  0.00000E+00 0.00000 
   17   17    1    1     1     1     1    1    1    1  0.00000E+00 0.00000 
   18   18    1    1     1     1     1    1    1    1  0.00000E+00 0.00000 
   19   19    1    1     1     1     1    1    1    1  0.00000E+00 0.00000 
   20   20    1    1     1     1     1    1    1    1  0.00000E+00 0.00000 
   21   21    1    1     1     1     1    1    1    1  0.00000E+00 0.00000 
   22   22    1    1     1     1     1    1    1    1  0.00000E+00 0.00000 
   23   23    1    1     1     1     1    1    1    1  0.00000E+00 0.00000 
   24   24    1    1     1     1     1    1    1    1  0.00000E+00 0.00000 
   25   25    1    1     1     1     1    1    1    1  0.00000E+00 0.00000 
   26   26    1    1     1     1     1    1    1    1  0.00000E+00 0.00000 
   27   27    1    1     1     1     1    1    1    1  0.00000E+00 0.00000 
   28   28    1    1     1     1     1    1    1    1  5.37024E+06 0.70719 
   29   29    1    1     1     1     1    1    1    1  0.00000E+00 0.00000 
   30   30    1    1     1     1     1    1    1    1  5.56969E+06 1.00000 
   31   31    1    1     1     1     1    1    1    1  0.00000E+00 0.00000 
   32   32    1    1     1     1     1    1    1    1  9.15089E+06 1.00000 
   33   33    1    1     1     1     1    1    1    1  7.85321E+06 0.57726 
   34   34    1    1     1     1     1    1    1    1  3.27060E+06 1.00000 
   35   35    1    1     1     1     1    1    1    1  1.44856E+07 1.00000 
   36   36    1    1     1     1     1    1    1    1  0.00000E+00 0.00000 
   37   37    1    1     1     1     1    1    1    1  0.00000E+00 0.00000 
   38   38    1    1     1     1     1    1    1    1  0.00000E+00 0.00000 
   39   39    1    1     1     1     1    1    1    1  8.02093E+06 1.00000 
   40   40    1    1     1     1     1    1    1    1  0.00000E+00 0.00000 
   41   41    1    1     1     1     1    1    1    1  0.00000E+00 0.00000 
   42   42    1    1     1     1     1    1    1    1  0.00000E+00 0.00000 
   43   43    1    1     1     1     1    1    1    1  0.00000E+00 0.00000 
   44   44    1    1     1     1     1    1    1    1  0.00000E+00 0.00000 
   45   45    1    1     1     1     1    1    1    1  0.00000E+00 0.00000 
   46   46    1    1     1     1     1    1    1    1  0.00000E+00 0.00000 
   47   47    1    1     1     1     1    1    1    1  5.14629E+06 1.00000 
   48   48    1    1     1     1     1    1    1    1  0.00000E+00 0.00000 
   49   49    1    1     1     1     1    1    1    1  0.00000E+00 0.00000 
   50   50    1    1     1     1     1    1    1    1  0.00000E+00 0.00000 
   51   51    1    1     1     1     1    1    1    1  0.00000E+00 0.00000 
   52   52    1    1     1     1     1    1    1    1  0.00000E+00 0.00000 
   53   53    1    1     1     1     1    1    1    1  0.00000E+00 0.00000 
   54   54    1    1     1     1     1    1    1    1  8.24561E+06 1.00000 
   55   55    1    1     1     1     1    1    1    1  0.00000E+00 0.00000 
   56   56    1    1     1     1     1    1    1    1  0.00000E+00 0.00000 
   57   57    1    1     1     1     1    1    1    1  1.03974E+07 1.00000 
   58   58    1    1     1     1     1    1    1    1  3.34451E+07 0.62122 
   59   59    1    1     1     1     1    1    1    1  1.97561E+07 0.57781 
   60   60    1    1     1     1     1    1    1    1  3.31659E+07 0.58288 
   61   61    1    1     1     1     1    1    1    1  0.00000E+00 0.00000 
   62   62    1    1     1     1     1    1    1    1  4.80513E+07 0.50428 
   63   63    1    1     1     1     1    1    1    1  2.08911E+07 0.53107 
   64   64    1    1     1     1     1    1    1    1  1.74775E+07 0.60049 
   65   65    1    1     1     1     1    1    1    1  2.69443E+07 0.45509 
   66   66    1    1     1     1     1    1    1    1  4.57507E+07 0.52990 
   67   67    1    1     1     1     1    1    1    1  4.29414E+07 0.63584 
   68   68    1    1     1     1     1    1    1    1  1.01694E+07 1.00000 
   69   69    1    1     1     1     1    1    1    1  1.29675E+07 0.58485 
   70   70    1    1     1     1     1    1    1    1  2.11999E+06 1.00000 
   71   71    1    1     1     1     1    1    1    1  6.07727E+06 0.70765 
   72   72    1    1     1     1     1    1    1    1  1.02737E+07 0.58034 
   73   73    1    1     1     1     1    1    1    1  2.09576E+06 0.57567 
   74   74    1    1     1     1     1    1    1    1  5.89269E+07 0.45772 
   75   75    1    1     1     1     1    1    1    1  4.53913E+07 0.37539 
   76   76    1    1     1     1     1    1    1    1  5.19821E+07 0.42966 
   77   77    1    1     1     1     1    1    1    1  1.47727E+07 0.48608 
   78   78    1    1     1     1     1    1    1    1  1.34519E+07 1.00000 
   79   79    1    1     1     1     1    1    1    1  1.76332E+07 0.70760 
   80   80    1    1     1     1     1    1    1    1  3.31819E+07 0.61962 
   81   81    1    1     1     1     1    1    1    1  2.00269E+07 0.50102 
   82   82    1    1     1     1     1    1    1    1  3.65225E+07 0.34875 
   83   83    1    1     1     1     1    1    1    1  6.87217E+07 0.34525 
   84   84    1    1     1     1     1    1    1    1  6.66559E+07 0.27331 
   85   85    1    1     1     1     1    1    1    1  1.33346E+08 0.26970 
   86   86    1    1     1     1     1    1    1    1  8.95507E+07 0.47455 
   87   87    1    1     1     1     1    1    1    1  9.05473E+07 0.32318 
   88   88    1    1     1     1     1    1    1    1  5.17516E+07 0.31490 
   89   89    1    1     1     1     1    1    1    1  3.28746E+07 0.33926 
   90   90    1    1     1     1     1    1    1    1  8.41076E+07 0.28620 
   91   91    1    1     1     1     1    1    1    1  1.58784E+08 0.23111 
   92   92    1    1     1     1     1    1    1    1  1.67758E+08 0.29086 
   93   93    1    1     1     1     1    1    1    1  2.33100E+08 0.27085 
   94   94    1    1     1     1     1    1    1    1  1.41601E+08 0.24650 
   95   95    1    1     1     1     1    1    1    1  8.40859E+07 0.19053 
   96   96    1    1     1     1     1    1    1    1  2.08065E+08 0.21590 
   97   97    1    1     1     1     1    1    1    1  2.03416E+08 0.16216 
   98   98    1    1     1     1     1    1    1    1  2.62458E+08 0.22126 
   99   99    1    1     1     1     1    1    1    1  2.36767E+08 0.21522 
  100  100    1    1     1     1     1    1    1    1  2.17048E+08 0.16620 
  101  101    1    1     1     1     1    1    1    1  3.47839E+08 0.13344 
  102  102    1    1     1     1     1    1    1    1  7.61254E+08 0.20258 
  103  103    1    1     1     1     1    1    1    1  5.02762E+08 0.13780 
  104  104    1    1     1     1     1    1    1    1  6.08043E+08 0.16781 
  105  105    1    1     1     1     1    1    1    1  7.43623E+08 0.10615 
