
DETspecTot = [
    1    1    1    1     1     1     1    1    1    1  0.00000E+00 0.00000 
    2    2    1    1     1     1     1    1    1    1  0.00000E+00 0.00000 
    3    3    1    1     1     1     1    1    1    1  0.00000E+00 0.00000 
    4    4    1    1     1     1     1    1    1    1  0.00000E+00 0.00000 
    5    5    1    1     1     1     1    1    1    1  0.00000E+00 0.00000 
    6    6    1    1     1     1     1    1    1    1  0.00000E+00 0.00000 
    7    7    1    1     1     1     1    1    1    1  0.00000E+00 0.00000 
    8    8    1    1     1     1     1    1    1    1  0.00000E+00 0.00000 
    9    9    1    1     1     1     1    1    1    1  0.00000E+00 0.00000 
   10   10    1    1     1     1     1    1    1    1  0.00000E+00 0.00000 
   11   11    1    1     1     1     1    1    1    1  0.00000E+00 0.00000 
   12   12    1    1     1     1     1    1    1    1  2.16437E+05 1.00000 
   13   13    1    1     1     1     1    1    1    1  0.00000E+00 0.00000 
   14   14    1    1     1     1     1    1    1    1  0.00000E+00 0.00000 
   15   15    1    1     1     1     1    1    1    1  4.49864E+05 1.00000 
   16   16    1    1     1     1     1    1    1    1  4.48291E+05 1.00000 
   17   17    1    1     1     1     1    1    1    1  1.12862E+06 0.70704 
   18   18    1    1     1     1     1    1    1    1  6.22332E+05 1.00000 
   19   19    1    1     1     1     1    1    1    1  2.29773E+06 0.50082 
   20   20    1    1     1     1     1    1    1    1  0.00000E+00 0.00000 
   21   21    1    1     1     1     1    1    1    1  8.07097E+05 0.70704 
   22   22    1    1     1     1     1    1    1    1  3.49640E+05 1.00000 
   23   23    1    1     1     1     1    1    1    1  0.00000E+00 0.00000 
   24   24    1    1     1     1     1    1    1    1  8.55938E+05 1.00000 
   25   25    1    1     1     1     1    1    1    1  2.53144E+06 1.00000 
   26   26    1    1     1     1     1    1    1    1  3.90567E+06 1.00000 
   27   27    1    1     1     1     1    1    1    1  1.63970E+06 1.00000 
   28   28    1    1     1     1     1    1    1    1  5.44342E+06 1.00000 
   29   29    1    1     1     1     1    1    1    1  0.00000E+00 0.00000 
   30   30    1    1     1     1     1    1    1    1  1.90632E+07 0.57043 
   31   31    1    1     1     1     1    1    1    1  2.82345E+07 0.46851 
   32   32    1    1     1     1     1    1    1    1  0.00000E+00 0.00000 
   33   33    1    1     1     1     1    1    1    1  1.93859E+07 0.65479 
   34   34    1    1     1     1     1    1    1    1  2.39508E+07 0.53072 
   35   35    1    1     1     1     1    1    1    1  0.00000E+00 0.00000 
   36   36    1    1     1     1     1    1    1    1  1.39613E+07 0.60913 
   37   37    1    1     1     1     1    1    1    1  1.38166E+07 0.45893 
   38   38    1    1     1     1     1    1    1    1  3.37786E+06 1.00000 
   39   39    1    1     1     1     1    1    1    1  0.00000E+00 0.00000 
   40   40    1    1     1     1     1    1    1    1  0.00000E+00 0.00000 
   41   41    1    1     1     1     1    1    1    1  0.00000E+00 0.00000 
   42   42    1    1     1     1     1    1    1    1  0.00000E+00 0.00000 
   43   43    1    1     1     1     1    1    1    1  0.00000E+00 0.00000 
   44   44    1    1     1     1     1    1    1    1  9.30712E+06 0.71953 
   45   45    1    1     1     1     1    1    1    1  0.00000E+00 0.00000 
   46   46    1    1     1     1     1    1    1    1  1.03730E+07 0.57750 
   47   47    1    1     1     1     1    1    1    1  0.00000E+00 0.00000 
   48   48    1    1     1     1     1    1    1    1  1.18233E+07 0.70705 
   49   49    1    1     1     1     1    1    1    1  6.66970E+07 0.42332 
   50   50    1    1     1     1     1    1    1    1  0.00000E+00 0.00000 
   51   51    1    1     1     1     1    1    1    1  1.57654E+07 0.70707 
   52   52    1    1     1     1     1    1    1    1  6.44245E+07 0.42770 
   53   53    1    1     1     1     1    1    1    1  9.15312E+07 0.37251 
   54   54    1    1     1     1     1    1    1    1  1.03946E+08 0.45433 
   55   55    1    1     1     1     1    1    1    1  1.45585E+08 0.35194 
   56   56    1    1     1     1     1    1    1    1  0.00000E+00 0.00000 
   57   57    1    1     1     1     1    1    1    1  1.23146E+08 0.47027 
   58   58    1    1     1     1     1    1    1    1  8.04709E+07 0.35348 
   59   59    1    1     1     1     1    1    1    1  1.63486E+08 0.31100 
   60   60    1    1     1     1     1    1    1    1  3.33046E+08 0.25033 
   61   61    1    1     1     1     1    1    1    1  3.91116E+08 0.50004 
   62   62    1    1     1     1     1    1    1    1  2.51085E+08 0.21088 
   63   63    1    1     1     1     1    1    1    1  3.62530E+08 0.21541 
   64   64    1    1     1     1     1    1    1    1  1.92134E+08 0.24782 
   65   65    1    1     1     1     1    1    1    1  2.14625E+08 0.20360 
   66   66    1    1     1     1     1    1    1    1  2.38165E+08 0.30274 
   67   67    1    1     1     1     1    1    1    1  1.46130E+08 0.27525 
   68   68    1    1     1     1     1    1    1    1  1.91899E+08 0.36796 
   69   69    1    1     1     1     1    1    1    1  1.24408E+08 0.32729 
   70   70    1    1     1     1     1    1    1    1  8.34393E+07 0.24817 
   71   71    1    1     1     1     1    1    1    1  3.35782E+07 0.29654 
   72   72    1    1     1     1     1    1    1    1  4.41240E+07 0.33138 
   73   73    1    1     1     1     1    1    1    1  3.04266E+07 0.32659 
   74   74    1    1     1     1     1    1    1    1  1.08933E+08 0.29112 
   75   75    1    1     1     1     1    1    1    1  1.25115E+08 0.26916 
   76   76    1    1     1     1     1    1    1    1  7.94412E+07 0.29938 
   77   77    1    1     1     1     1    1    1    1  1.72848E+08 0.20631 
   78   78    1    1     1     1     1    1    1    1  1.76461E+08 0.26715 
   79   79    1    1     1     1     1    1    1    1  4.48190E+08 0.21858 
   80   80    1    1     1     1     1    1    1    1  2.78268E+08 0.22393 
   81   81    1    1     1     1     1    1    1    1  9.58099E+07 0.24645 
   82   82    1    1     1     1     1    1    1    1  3.19635E+08 0.13849 
   83   83    1    1     1     1     1    1    1    1  4.90823E+08 0.14750 
   84   84    1    1     1     1     1    1    1    1  1.74932E+08 0.13751 
   85   85    1    1     1     1     1    1    1    1  5.04963E+08 0.13916 
   86   86    1    1     1     1     1    1    1    1  4.90940E+08 0.20468 
   87   87    1    1     1     1     1    1    1    1  4.09714E+08 0.14549 
   88   88    1    1     1     1     1    1    1    1  3.82000E+08 0.14000 
   89   89    1    1     1     1     1    1    1    1  5.17251E+08 0.10917 
   90   90    1    1     1     1     1    1    1    1  1.40733E+09 0.08983 
   91   91    1    1     1     1     1    1    1    1  1.48608E+09 0.08410 
   92   92    1    1     1     1     1    1    1    1  1.91196E+09 0.10370 
   93   93    1    1     1     1     1    1    1    1  1.67593E+09 0.11669 
   94   94    1    1     1     1     1    1    1    1  1.01419E+09 0.09466 
   95   95    1    1     1     1     1    1    1    1  6.76857E+08 0.09086 
   96   96    1    1     1     1     1    1    1    1  1.09146E+09 0.09720 
   97   97    1    1     1     1     1    1    1    1  1.17593E+09 0.07500 
   98   98    1    1     1     1     1    1    1    1  1.85934E+09 0.08893 
   99   99    1    1     1     1     1    1    1    1  1.98682E+09 0.09159 
  100  100    1    1     1     1     1    1    1    1  2.19807E+09 0.06690 
  101  101    1    1     1     1     1    1    1    1  2.51389E+09 0.05893 
  102  102    1    1     1     1     1    1    1    1  3.50458E+09 0.09371 
  103  103    1    1     1     1     1    1    1    1  2.74085E+09 0.06670 
  104  104    1    1     1     1     1    1    1    1  3.88291E+09 0.07171 
  105  105    1    1     1     1     1    1    1    1  3.85822E+09 0.05397 
