
DETspecTot = [
    1    1    1    1     1     1     1    1    1    1  0.00000E+00 0.00000 
    2    2    1    1     1     1     1    1    1    1  0.00000E+00 0.00000 
    3    3    1    1     1     1     1    1    1    1  0.00000E+00 0.00000 
    4    4    1    1     1     1     1    1    1    1  0.00000E+00 0.00000 
    5    5    1    1     1     1     1    1    1    1  0.00000E+00 0.00000 
    6    6    1    1     1     1     1    1    1    1  0.00000E+00 0.00000 
    7    7    1    1     1     1     1    1    1    1  2.95351E+05 0.70766 
    8    8    1    1     1     1     1    1    1    1  0.00000E+00 0.00000 
    9    9    1    1     1     1     1    1    1    1  0.00000E+00 0.00000 
   10   10    1    1     1     1     1    1    1    1  2.36215E+05 1.00000 
   11   11    1    1     1     1     1    1    1    1  0.00000E+00 0.00000 
   12   12    1    1     1     1     1    1    1    1  6.70305E+05 0.57742 
   13   13    1    1     1     1     1    1    1    1  5.03944E+05 0.70704 
   14   14    1    1     1     1     1    1    1    1  0.00000E+00 0.00000 
   15   15    1    1     1     1     1    1    1    1  0.00000E+00 0.00000 
   16   16    1    1     1     1     1    1    1    1  1.86063E+06 0.60086 
   17   17    1    1     1     1     1    1    1    1  0.00000E+00 0.00000 
   18   18    1    1     1     1     1    1    1    1  1.20601E+06 0.70704 
   19   19    1    1     1     1     1    1    1    1  1.17352E+06 0.70706 
   20   20    1    1     1     1     1    1    1    1  1.73626E+06 0.57929 
   21   21    1    1     1     1     1    1    1    1  0.00000E+00 0.00000 
   22   22    1    1     1     1     1    1    1    1  0.00000E+00 0.00000 
   23   23    1    1     1     1     1    1    1    1  0.00000E+00 0.00000 
   24   24    1    1     1     1     1    1    1    1  8.53716E+05 1.00000 
   25   25    1    1     1     1     1    1    1    1  0.00000E+00 0.00000 
   26   26    1    1     1     1     1    1    1    1  3.69365E+06 1.00000 
   27   27    1    1     1     1     1    1    1    1  3.45985E+06 1.00000 
   28   28    1    1     1     1     1    1    1    1  5.43399E+06 0.70730 
   29   29    1    1     1     1     1    1    1    1  0.00000E+00 0.00000 
   30   30    1    1     1     1     1    1    1    1  1.56011E+07 0.68729 
   31   31    1    1     1     1     1    1    1    1  7.13611E+06 0.70704 
   32   32    1    1     1     1     1    1    1    1  1.97720E+07 0.70706 
   33   33    1    1     1     1     1    1    1    1  2.95759E+06 1.00000 
   34   34    1    1     1     1     1    1    1    1  5.40549E+06 0.70869 
   35   35    1    1     1     1     1    1    1    1  0.00000E+00 0.00000 
   36   36    1    1     1     1     1    1    1    1  7.16318E+06 0.70770 
   37   37    1    1     1     1     1    1    1    1  8.67404E+06 0.51278 
   38   38    1    1     1     1     1    1    1    1  0.00000E+00 0.00000 
   39   39    1    1     1     1     1    1    1    1  9.15070E+05 1.00000 
   40   40    1    1     1     1     1    1    1    1  5.50025E+05 1.00000 
   41   41    1    1     1     1     1    1    1    1  0.00000E+00 0.00000 
   42   42    1    1     1     1     1    1    1    1  0.00000E+00 0.00000 
   43   43    1    1     1     1     1    1    1    1  2.46928E+06 1.00000 
   44   44    1    1     1     1     1    1    1    1  4.25884E+06 1.00000 
   45   45    1    1     1     1     1    1    1    1  6.97133E+06 0.71242 
   46   46    1    1     1     1     1    1    1    1  2.31723E+07 0.43292 
   47   47    1    1     1     1     1    1    1    1  2.25023E+07 0.40861 
   48   48    1    1     1     1     1    1    1    1  7.27710E+07 0.33576 
   49   49    1    1     1     1     1    1    1    1  6.51130E+07 0.31628 
   50   50    1    1     1     1     1    1    1    1  0.00000E+00 0.00000 
   51   51    1    1     1     1     1    1    1    1  1.32374E+08 0.33804 
   52   52    1    1     1     1     1    1    1    1  1.67352E+08 0.34329 
   53   53    1    1     1     1     1    1    1    1  2.49228E+08 0.36875 
   54   54    1    1     1     1     1    1    1    1  1.59029E+08 0.36560 
   55   55    1    1     1     1     1    1    1    1  2.53704E+08 0.35823 
   56   56    1    1     1     1     1    1    1    1  1.73028E+08 0.74290 
   57   57    1    1     1     1     1    1    1    1  1.86450E+08 0.29080 
   58   58    1    1     1     1     1    1    1    1  2.40456E+08 0.30594 
   59   59    1    1     1     1     1    1    1    1  3.37572E+08 0.24387 
   60   60    1    1     1     1     1    1    1    1  3.91751E+08 0.21663 
   61   61    1    1     1     1     1    1    1    1  4.92108E+08 0.44723 
   62   62    1    1     1     1     1    1    1    1  3.32194E+08 0.23642 
   63   63    1    1     1     1     1    1    1    1  3.02910E+08 0.22043 
   64   64    1    1     1     1     1    1    1    1  2.25304E+08 0.21819 
   65   65    1    1     1     1     1    1    1    1  2.31515E+08 0.24133 
   66   66    1    1     1     1     1    1    1    1  1.45423E+08 0.28531 
   67   67    1    1     1     1     1    1    1    1  1.60085E+08 0.25784 
   68   68    1    1     1     1     1    1    1    1  2.27776E+08 0.36717 
   69   69    1    1     1     1     1    1    1    1  8.95227E+07 0.32373 
   70   70    1    1     1     1     1    1    1    1  6.44782E+07 0.23233 
   71   71    1    1     1     1     1    1    1    1  5.73126E+07 0.22342 
   72   72    1    1     1     1     1    1    1    1  6.96874E+07 0.26805 
   73   73    1    1     1     1     1    1    1    1  5.80253E+07 0.22881 
   74   74    1    1     1     1     1    1    1    1  1.96189E+08 0.22130 
   75   75    1    1     1     1     1    1    1    1  1.35546E+08 0.19505 
   76   76    1    1     1     1     1    1    1    1  1.30631E+08 0.21722 
   77   77    1    1     1     1     1    1    1    1  1.74448E+08 0.19891 
   78   78    1    1     1     1     1    1    1    1  3.14645E+08 0.24379 
   79   79    1    1     1     1     1    1    1    1  5.49333E+08 0.17998 
   80   80    1    1     1     1     1    1    1    1  3.34721E+08 0.19267 
   81   81    1    1     1     1     1    1    1    1  1.67872E+08 0.19333 
   82   82    1    1     1     1     1    1    1    1  3.23232E+08 0.12679 
   83   83    1    1     1     1     1    1    1    1  5.88077E+08 0.14425 
   84   84    1    1     1     1     1    1    1    1  2.63505E+08 0.12140 
   85   85    1    1     1     1     1    1    1    1  6.75142E+08 0.11980 
   86   86    1    1     1     1     1    1    1    1  5.59506E+08 0.16995 
   87   87    1    1     1     1     1    1    1    1  5.71783E+08 0.12964 
   88   88    1    1     1     1     1    1    1    1  4.60921E+08 0.13008 
   89   89    1    1     1     1     1    1    1    1  4.60027E+08 0.10940 
   90   90    1    1     1     1     1    1    1    1  1.38500E+09 0.08583 
   91   91    1    1     1     1     1    1    1    1  1.76071E+09 0.08284 
   92   92    1    1     1     1     1    1    1    1  2.11988E+09 0.11372 
   93   93    1    1     1     1     1    1    1    1  1.59694E+09 0.13168 
   94   94    1    1     1     1     1    1    1    1  1.10445E+09 0.09776 
   95   95    1    1     1     1     1    1    1    1  7.96018E+08 0.08874 
   96   96    1    1     1     1     1    1    1    1  1.18250E+09 0.09682 
   97   97    1    1     1     1     1    1    1    1  1.22853E+09 0.06832 
   98   98    1    1     1     1     1    1    1    1  1.95149E+09 0.08968 
   99   99    1    1     1     1     1    1    1    1  2.22763E+09 0.08804 
  100  100    1    1     1     1     1    1    1    1  2.56826E+09 0.06622 
  101  101    1    1     1     1     1    1    1    1  2.55856E+09 0.05836 
  102  102    1    1     1     1     1    1    1    1  3.41318E+09 0.09193 
  103  103    1    1     1     1     1    1    1    1  2.64196E+09 0.06240 
  104  104    1    1     1     1     1    1    1    1  4.73138E+09 0.06905 
  105  105    1    1     1     1     1    1    1    1  4.00559E+09 0.05172 
