
DETspecTot = [
    1    1    1    1     1     1     1    1    1    1  0.00000E+00 0.00000 
    2    2    1    1     1     1     1    1    1    1  0.00000E+00 0.00000 
    3    3    1    1     1     1     1    1    1    1  0.00000E+00 0.00000 
    4    4    1    1     1     1     1    1    1    1  0.00000E+00 0.00000 
    5    5    1    1     1     1     1    1    1    1  0.00000E+00 0.00000 
    6    6    1    1     1     1     1    1    1    1  0.00000E+00 0.00000 
    7    7    1    1     1     1     1    1    1    1  0.00000E+00 0.00000 
    8    8    1    1     1     1     1    1    1    1  0.00000E+00 0.00000 
    9    9    1    1     1     1     1    1    1    1  0.00000E+00 0.00000 
   10   10    1    1     1     1     1    1    1    1  0.00000E+00 0.00000 
   11   11    1    1     1     1     1    1    1    1  0.00000E+00 0.00000 
   12   12    1    1     1     1     1    1    1    1  0.00000E+00 0.00000 
   13   13    1    1     1     1     1    1    1    1  3.40955E+05 1.00000 
   14   14    1    1     1     1     1    1    1    1  0.00000E+00 0.00000 
   15   15    1    1     1     1     1    1    1    1  0.00000E+00 0.00000 
   16   16    1    1     1     1     1    1    1    1  0.00000E+00 0.00000 
   17   17    1    1     1     1     1    1    1    1  0.00000E+00 0.00000 
   18   18    1    1     1     1     1    1    1    1  6.98039E+05 1.00000 
   19   19    1    1     1     1     1    1    1    1  7.63352E+05 1.00000 
   20   20    1    1     1     1     1    1    1    1  6.74030E+05 1.00000 
   21   21    1    1     1     1     1    1    1    1  4.58586E+05 1.00000 
   22   22    1    1     1     1     1    1    1    1  0.00000E+00 0.00000 
   23   23    1    1     1     1     1    1    1    1  0.00000E+00 0.00000 
   24   24    1    1     1     1     1    1    1    1  0.00000E+00 0.00000 
   25   25    1    1     1     1     1    1    1    1  0.00000E+00 0.00000 
   26   26    1    1     1     1     1    1    1    1  0.00000E+00 0.00000 
   27   27    1    1     1     1     1    1    1    1  0.00000E+00 0.00000 
   28   28    1    1     1     1     1    1    1    1  2.47698E+06 1.00000 
   29   29    1    1     1     1     1    1    1    1  0.00000E+00 0.00000 
   30   30    1    1     1     1     1    1    1    1  3.82458E+06 0.70705 
   31   31    1    1     1     1     1    1    1    1  3.30695E+06 1.00000 
   32   32    1    1     1     1     1    1    1    1  9.34838E+06 1.00000 
   33   33    1    1     1     1     1    1    1    1  5.35924E+06 1.00000 
   34   34    1    1     1     1     1    1    1    1  0.00000E+00 0.00000 
   35   35    1    1     1     1     1    1    1    1  0.00000E+00 0.00000 
   36   36    1    1     1     1     1    1    1    1  0.00000E+00 0.00000 
   37   37    1    1     1     1     1    1    1    1  8.34259E+06 1.00000 
   38   38    1    1     1     1     1    1    1    1  0.00000E+00 0.00000 
   39   39    1    1     1     1     1    1    1    1  0.00000E+00 0.00000 
   40   40    1    1     1     1     1    1    1    1  0.00000E+00 0.00000 
   41   41    1    1     1     1     1    1    1    1  0.00000E+00 0.00000 
   42   42    1    1     1     1     1    1    1    1  0.00000E+00 0.00000 
   43   43    1    1     1     1     1    1    1    1  0.00000E+00 0.00000 
   44   44    1    1     1     1     1    1    1    1  1.24579E+07 1.00000 
   45   45    1    1     1     1     1    1    1    1  5.85534E+06 1.00000 
   46   46    1    1     1     1     1    1    1    1  4.83459E+06 1.00000 
   47   47    1    1     1     1     1    1    1    1  2.57816E+07 0.53249 
   48   48    1    1     1     1     1    1    1    1  0.00000E+00 0.00000 
   49   49    1    1     1     1     1    1    1    1  7.51221E+06 1.00000 
   50   50    1    1     1     1     1    1    1    1  1.08210E+08 1.00000 
   51   51    1    1     1     1     1    1    1    1  1.71782E+07 0.70727 
   52   52    1    1     1     1     1    1    1    1  3.81498E+07 0.72003 
   53   53    1    1     1     1     1    1    1    1  2.55514E+07 0.74553 
   54   54    1    1     1     1     1    1    1    1  2.53596E+07 1.00000 
   55   55    1    1     1     1     1    1    1    1  6.31347E+07 0.65632 
   56   56    1    1     1     1     1    1    1    1  0.00000E+00 0.00000 
   57   57    1    1     1     1     1    1    1    1  2.15034E+07 1.00000 
   58   58    1    1     1     1     1    1    1    1  5.52071E+07 0.47100 
   59   59    1    1     1     1     1    1    1    1  4.83091E+07 0.43185 
   60   60    1    1     1     1     1    1    1    1  4.63122E+07 0.45265 
   61   61    1    1     1     1     1    1    1    1  0.00000E+00 0.00000 
   62   62    1    1     1     1     1    1    1    1  5.83474E+07 0.40876 
   63   63    1    1     1     1     1    1    1    1  4.25196E+07 0.39837 
   64   64    1    1     1     1     1    1    1    1  3.83567E+07 0.46660 
   65   65    1    1     1     1     1    1    1    1  6.09848E+07 0.47845 
   66   66    1    1     1     1     1    1    1    1  4.67815E+07 0.52868 
   67   67    1    1     1     1     1    1    1    1  5.18945E+06 1.00000 
   68   68    1    1     1     1     1    1    1    1  3.13197E+07 0.74318 
   69   69    1    1     1     1     1    1    1    1  4.72026E+06 1.00000 
   70   70    1    1     1     1     1    1    1    1  6.86167E+06 0.67910 
   71   71    1    1     1     1     1    1    1    1  2.61826E+07 0.44973 
   72   72    1    1     1     1     1    1    1    1  2.38409E+07 0.40356 
   73   73    1    1     1     1     1    1    1    1  6.21319E+06 0.46164 
   74   74    1    1     1     1     1    1    1    1  4.85602E+07 0.49951 
   75   75    1    1     1     1     1    1    1    1  1.82084E+07 0.52678 
   76   76    1    1     1     1     1    1    1    1  7.71077E+07 0.40831 
   77   77    1    1     1     1     1    1    1    1  2.59785E+07 0.54065 
   78   78    1    1     1     1     1    1    1    1  3.18896E+07 0.59251 
   79   79    1    1     1     1     1    1    1    1  6.55054E+07 0.40282 
   80   80    1    1     1     1     1    1    1    1  6.35754E+07 0.38744 
   81   81    1    1     1     1     1    1    1    1  8.47244E+07 0.28828 
   82   82    1    1     1     1     1    1    1    1  5.72782E+07 0.36454 
   83   83    1    1     1     1     1    1    1    1  1.84791E+08 0.27692 
   84   84    1    1     1     1     1    1    1    1  6.76482E+07 0.26308 
   85   85    1    1     1     1     1    1    1    1  1.38121E+08 0.22710 
   86   86    1    1     1     1     1    1    1    1  2.01133E+08 0.28627 
   87   87    1    1     1     1     1    1    1    1  1.19062E+08 0.26413 
   88   88    1    1     1     1     1    1    1    1  9.52318E+07 0.23593 
   89   89    1    1     1     1     1    1    1    1  7.18135E+07 0.21469 
   90   90    1    1     1     1     1    1    1    1  2.31643E+08 0.16491 
   91   91    1    1     1     1     1    1    1    1  3.20807E+08 0.16433 
   92   92    1    1     1     1     1    1    1    1  2.53817E+08 0.27552 
   93   93    1    1     1     1     1    1    1    1  3.08628E+08 0.24248 
   94   94    1    1     1     1     1    1    1    1  3.34356E+08 0.17003 
   95   95    1    1     1     1     1    1    1    1  1.49561E+08 0.16811 
   96   96    1    1     1     1     1    1    1    1  2.40901E+08 0.17016 
   97   97    1    1     1     1     1    1    1    1  4.05643E+08 0.12744 
   98   98    1    1     1     1     1    1    1    1  5.47032E+08 0.16483 
   99   99    1    1     1     1     1    1    1    1  3.87483E+08 0.17984 
  100  100    1    1     1     1     1    1    1    1  4.93284E+08 0.12483 
  101  101    1    1     1     1     1    1    1    1  6.26230E+08 0.12197 
  102  102    1    1     1     1     1    1    1    1  7.50088E+08 0.19817 
  103  103    1    1     1     1     1    1    1    1  7.15150E+08 0.11337 
  104  104    1    1     1     1     1    1    1    1  6.63664E+08 0.15965 
  105  105    1    1     1     1     1    1    1    1  8.00770E+08 0.10162 
