
ZAI = [
666
0
];

NAMES = [
'lost            '
'total           '
];

iLOST    = 1;
iTOT     = 2;

MAT_NaCl_UCl3_VOLUME = [ 1.00000E+00 1.00000E+00 1.00000E+00 1.00000E+00 1.00000E+00 1.00000E+00 1.00000E+00 1.00000E+00 1.00000E+00 1.00000E+00 1.00000E+00 1.00000E+00 1.00000E+00 1.00000E+00 1.00000E+00 1.00000E+00 1.00000E+00 1.00000E+00 1.00000E+00 1.00000E+00 1.00000E+00 1.00000E+00 1.00000E+00 1.00000E+00 1.00000E+00 1.00000E+00 1.00000E+00 ];

MAT_NaCl_UCl3_BURNUP = [ 0.00000E+00 5.00011E+00 1.00002E+01 2.00005E+01 3.00007E+01 4.00009E+01 5.00011E+01 6.00013E+01 7.00015E+01 8.00017E+01 9.00019E+01 1.00002E+02 1.10002E+02 1.20002E+02 1.30003E+02 1.40003E+02 1.50003E+02 1.60003E+02 1.70003E+02 1.80003E+02 1.90003E+02 2.00004E+02 2.10004E+02 2.20004E+02 2.30004E+02 2.40004E+02 2.50004E+02 ];

MAT_NaCl_UCl3_ADENS = [
0.00000E+00 1.02827E-12 2.05668E-12 4.11338E-12 6.17092E-12 8.22839E-12 1.02858E-11 1.23431E-11 1.44003E-11 1.64564E-11 1.85113E-11 2.05648E-11 2.26161E-11 2.46656E-11 2.67117E-11 2.87537E-11 3.07913E-11 3.28233E-11 3.48490E-11 3.68672E-11 3.88775E-11 4.08789E-11 4.28699E-11 4.48498E-11 4.68184E-11 4.87752E-11 5.07178E-11 % lost data
3.42523E-02 3.42747E-02 3.42970E-02 3.43417E-02 3.43864E-02 3.44310E-02 3.44756E-02 3.45202E-02 3.45647E-02 3.46092E-02 3.46537E-02 3.46981E-02 3.47425E-02 3.47869E-02 3.48312E-02 3.48755E-02 3.49198E-02 3.49641E-02 3.50083E-02 3.50526E-02 3.50968E-02 3.51410E-02 3.51851E-02 3.52293E-02 3.52735E-02 3.53177E-02 3.53618E-02 % total
];

MAT_NaCl_UCl3_MDENS = [
0.00000E+00 0.00000E+00 0.00000E+00 0.00000E+00 0.00000E+00 0.00000E+00 0.00000E+00 0.00000E+00 0.00000E+00 0.00000E+00 0.00000E+00 0.00000E+00 0.00000E+00 0.00000E+00 0.00000E+00 0.00000E+00 0.00000E+00 0.00000E+00 0.00000E+00 0.00000E+00 0.00000E+00 0.00000E+00 0.00000E+00 0.00000E+00 0.00000E+00 0.00000E+00 0.00000E+00 % lost data
3.31630E+00 3.31626E+00 3.31623E+00 3.31616E+00 3.31609E+00 3.31602E+00 3.31595E+00 3.31589E+00 3.31582E+00 3.31576E+00 3.31570E+00 3.31564E+00 3.31558E+00 3.31552E+00 3.31547E+00 3.31542E+00 3.31537E+00 3.31532E+00 3.31527E+00 3.31522E+00 3.31518E+00 3.31514E+00 3.31510E+00 3.31507E+00 3.31503E+00 3.31500E+00 3.31497E+00 % total
];

MAT_NaCl_UCl3_A = [
0.00000E+00 0.00000E+00 0.00000E+00 0.00000E+00 0.00000E+00 0.00000E+00 0.00000E+00 0.00000E+00 0.00000E+00 0.00000E+00 0.00000E+00 0.00000E+00 0.00000E+00 0.00000E+00 0.00000E+00 0.00000E+00 0.00000E+00 0.00000E+00 0.00000E+00 0.00000E+00 0.00000E+00 0.00000E+00 0.00000E+00 0.00000E+00 0.00000E+00 0.00000E+00 0.00000E+00 % lost data
4.31815E+04 7.08610E+12 7.15372E+12 7.16115E+12 7.20371E+12 7.24056E+12 7.27586E+12 7.31096E+12 7.34607E+12 7.38173E+12 7.41762E+12 7.45375E+12 7.49008E+12 7.52645E+12 7.56267E+12 7.59857E+12 7.63420E+12 7.66864E+12 7.70238E+12 7.73503E+12 7.76637E+12 7.79611E+12 7.82483E+12 7.85162E+12 7.87662E+12 7.89999E+12 7.92203E+12 % total
];

MAT_NaCl_UCl3_H = [
0.00000E+00 0.00000E+00 0.00000E+00 0.00000E+00 0.00000E+00 0.00000E+00 0.00000E+00 0.00000E+00 0.00000E+00 0.00000E+00 0.00000E+00 0.00000E+00 0.00000E+00 0.00000E+00 0.00000E+00 0.00000E+00 0.00000E+00 0.00000E+00 0.00000E+00 0.00000E+00 0.00000E+00 0.00000E+00 0.00000E+00 0.00000E+00 0.00000E+00 0.00000E+00 0.00000E+00 % lost data
3.10147E-08 2.18887E+00 2.19134E+00 2.17133E+00 2.16571E+00 2.15941E+00 2.15288E+00 2.14627E+00 2.13962E+00 2.13299E+00 2.12639E+00 2.11987E+00 2.11345E+00 2.10720E+00 2.10108E+00 2.09517E+00 2.08953E+00 2.08411E+00 2.07899E+00 2.07419E+00 2.06975E+00 2.06562E+00 2.06190E+00 2.05852E+00 2.05551E+00 2.05289E+00 2.05061E+00 % total
];

MAT_NaCl_UCl3_SF = [
0.00000E+00 0.00000E+00 0.00000E+00 0.00000E+00 0.00000E+00 0.00000E+00 0.00000E+00 0.00000E+00 0.00000E+00 0.00000E+00 0.00000E+00 0.00000E+00 0.00000E+00 0.00000E+00 0.00000E+00 0.00000E+00 0.00000E+00 0.00000E+00 0.00000E+00 0.00000E+00 0.00000E+00 0.00000E+00 0.00000E+00 0.00000E+00 0.00000E+00 0.00000E+00 0.00000E+00 % lost data
9.13196E-03 1.49587E-02 3.23730E-02 1.05720E-01 2.42030E-01 4.63687E-01 8.03989E-01 1.30830E+00 2.03477E+00 3.05565E+00 4.45759E+00 6.34166E+00 8.82402E+00 1.20338E+01 1.61140E+01 2.12201E+01 2.75127E+01 3.51592E+01 4.43363E+01 5.52177E+01 6.79703E+01 8.27610E+01 9.97676E+01 1.19126E+02 1.40973E+02 1.65455E+02 1.92735E+02 % total
];

MAT_NaCl_UCl3_GSRC = [
0.00000E+00 0.00000E+00 0.00000E+00 0.00000E+00 0.00000E+00 0.00000E+00 0.00000E+00 0.00000E+00 0.00000E+00 0.00000E+00 0.00000E+00 0.00000E+00 0.00000E+00 0.00000E+00 0.00000E+00 0.00000E+00 0.00000E+00 0.00000E+00 0.00000E+00 0.00000E+00 0.00000E+00 0.00000E+00 0.00000E+00 0.00000E+00 0.00000E+00 0.00000E+00 0.00000E+00 % lost data
3.55672E+04 9.31025E+12 9.34275E+12 9.30396E+12 9.33537E+12 9.36712E+12 9.39981E+12 9.43353E+12 9.46796E+12 9.50342E+12 9.53941E+12 9.57586E+12 9.61257E+12 9.64943E+12 9.68600E+12 9.72213E+12 9.75783E+12 9.79197E+12 9.82510E+12 9.85672E+12 9.88664E+12 9.91442E+12 9.94073E+12 9.96453E+12 9.98603E+12 1.00054E+13 1.00229E+13 % total
];

MAT_NaCl_UCl3_ING_TOX = [
0.00000E+00 0.00000E+00 0.00000E+00 0.00000E+00 0.00000E+00 0.00000E+00 0.00000E+00 0.00000E+00 0.00000E+00 0.00000E+00 0.00000E+00 0.00000E+00 0.00000E+00 0.00000E+00 0.00000E+00 0.00000E+00 0.00000E+00 0.00000E+00 0.00000E+00 0.00000E+00 0.00000E+00 0.00000E+00 0.00000E+00 0.00000E+00 0.00000E+00 0.00000E+00 0.00000E+00 % lost data
1.99609E-03 3.23668E+03 3.39303E+03 3.54933E+03 3.68046E+03 3.79682E+03 3.90860E+03 4.01913E+03 4.12953E+03 4.24054E+03 4.35239E+03 4.46536E+03 4.57969E+03 4.69550E+03 4.81289E+03 4.93192E+03 5.05261E+03 5.17455E+03 5.29785E+03 5.42223E+03 5.54733E+03 5.67278E+03 5.79863E+03 5.92404E+03 6.04861E+03 6.17216E+03 6.29458E+03 % total
];

MAT_NaCl_UCl3_INH_TOX = [
0.00000E+00 0.00000E+00 0.00000E+00 0.00000E+00 0.00000E+00 0.00000E+00 0.00000E+00 0.00000E+00 0.00000E+00 0.00000E+00 0.00000E+00 0.00000E+00 0.00000E+00 0.00000E+00 0.00000E+00 0.00000E+00 0.00000E+00 0.00000E+00 0.00000E+00 0.00000E+00 0.00000E+00 0.00000E+00 0.00000E+00 0.00000E+00 0.00000E+00 0.00000E+00 0.00000E+00 % lost data
3.58682E-01 6.54252E+03 8.96096E+03 1.28519E+04 1.66197E+04 2.07072E+04 2.53538E+04 3.07322E+04 3.69919E+04 4.42765E+04 5.27221E+04 6.24562E+04 7.35964E+04 8.62446E+04 1.00485E+05 1.16386E+05 1.33984E+05 1.53288E+05 1.74285E+05 1.96930E+05 2.21145E+05 2.46827E+05 2.73858E+05 3.02081E+05 3.31320E+05 3.61396E+05 3.92133E+05 % total
];

TOT_VOLUME = [ 1.00000E+00 1.00000E+00 1.00000E+00 1.00000E+00 1.00000E+00 1.00000E+00 1.00000E+00 1.00000E+00 1.00000E+00 1.00000E+00 1.00000E+00 1.00000E+00 1.00000E+00 1.00000E+00 1.00000E+00 1.00000E+00 1.00000E+00 1.00000E+00 1.00000E+00 1.00000E+00 1.00000E+00 1.00000E+00 1.00000E+00 1.00000E+00 1.00000E+00 1.00000E+00 1.00000E+00 ];

TOT_BURNUP = [ 0.00000E+00 -NAN -NAN -NAN -NAN -NAN -NAN -NAN -NAN -NAN -NAN -NAN -NAN -NAN -NAN -NAN -NAN -NAN -NAN -NAN -NAN -NAN -NAN -NAN -NAN -NAN -NAN ];

TOT_ADENS = [
0.00000E+00 1.02827E-12 2.05668E-12 4.11338E-12 6.17092E-12 8.22839E-12 1.02858E-11 1.23431E-11 1.44003E-11 1.64564E-11 1.85113E-11 2.05648E-11 2.26161E-11 2.46656E-11 2.67117E-11 2.87537E-11 3.07913E-11 3.28233E-11 3.48490E-11 3.68672E-11 3.88775E-11 4.08789E-11 4.28699E-11 4.48498E-11 4.68184E-11 4.87752E-11 5.07178E-11 % lost data
3.42523E-02 3.42747E-02 3.42970E-02 3.43417E-02 3.43864E-02 3.44310E-02 3.44756E-02 3.45202E-02 3.45647E-02 3.46092E-02 3.46537E-02 3.46981E-02 3.47425E-02 3.47869E-02 3.48312E-02 3.48755E-02 3.49198E-02 3.49641E-02 3.50083E-02 3.50526E-02 3.50968E-02 3.51410E-02 3.51851E-02 3.52293E-02 3.52735E-02 3.53177E-02 3.53618E-02 % total
];

