
DETspecTot = [
    1    1    1    1     1     1     1    1    1    1  0.00000E+00 0.00000 
    2    2    1    1     1     1     1    1    1    1  0.00000E+00 0.00000 
    3    3    1    1     1     1     1    1    1    1  0.00000E+00 0.00000 
    4    4    1    1     1     1     1    1    1    1  0.00000E+00 0.00000 
    5    5    1    1     1     1     1    1    1    1  0.00000E+00 0.00000 
    6    6    1    1     1     1     1    1    1    1  0.00000E+00 0.00000 
    7    7    1    1     1     1     1    1    1    1  0.00000E+00 0.00000 
    8    8    1    1     1     1     1    1    1    1  0.00000E+00 0.00000 
    9    9    1    1     1     1     1    1    1    1  0.00000E+00 0.00000 
   10   10    1    1     1     1     1    1    1    1  0.00000E+00 0.00000 
   11   11    1    1     1     1     1    1    1    1  0.00000E+00 0.00000 
   12   12    1    1     1     1     1    1    1    1  0.00000E+00 0.00000 
   13   13    1    1     1     1     1    1    1    1  0.00000E+00 0.00000 
   14   14    1    1     1     1     1    1    1    1  0.00000E+00 0.00000 
   15   15    1    1     1     1     1    1    1    1  0.00000E+00 0.00000 
   16   16    1    1     1     1     1    1    1    1  0.00000E+00 0.00000 
   17   17    1    1     1     1     1    1    1    1  0.00000E+00 0.00000 
   18   18    1    1     1     1     1    1    1    1  0.00000E+00 0.00000 
   19   19    1    1     1     1     1    1    1    1  0.00000E+00 0.00000 
   20   20    1    1     1     1     1    1    1    1  0.00000E+00 0.00000 
   21   21    1    1     1     1     1    1    1    1  0.00000E+00 0.00000 
   22   22    1    1     1     1     1    1    1    1  0.00000E+00 0.00000 
   23   23    1    1     1     1     1    1    1    1  0.00000E+00 0.00000 
   24   24    1    1     1     1     1    1    1    1  0.00000E+00 0.00000 
   25   25    1    1     1     1     1    1    1    1  0.00000E+00 0.00000 
   26   26    1    1     1     1     1    1    1    1  0.00000E+00 0.00000 
   27   27    1    1     1     1     1    1    1    1  0.00000E+00 0.00000 
   28   28    1    1     1     1     1    1    1    1  0.00000E+00 0.00000 
   29   29    1    1     1     1     1    1    1    1  0.00000E+00 0.00000 
   30   30    1    1     1     1     1    1    1    1  0.00000E+00 0.00000 
   31   31    1    1     1     1     1    1    1    1  3.22271E+06 1.00000 
   32   32    1    1     1     1     1    1    1    1  0.00000E+00 0.00000 
   33   33    1    1     1     1     1    1    1    1  0.00000E+00 0.00000 
   34   34    1    1     1     1     1    1    1    1  3.24957E+06 1.00000 
   35   35    1    1     1     1     1    1    1    1  0.00000E+00 0.00000 
   36   36    1    1     1     1     1    1    1    1  0.00000E+00 0.00000 
   37   37    1    1     1     1     1    1    1    1  4.87048E+06 1.00000 
   38   38    1    1     1     1     1    1    1    1  4.28655E+07 1.00000 
   39   39    1    1     1     1     1    1    1    1  9.71471E+06 1.00000 
   40   40    1    1     1     1     1    1    1    1  0.00000E+00 0.00000 
   41   41    1    1     1     1     1    1    1    1  0.00000E+00 0.00000 
   42   42    1    1     1     1     1    1    1    1  0.00000E+00 0.00000 
   43   43    1    1     1     1     1    1    1    1  1.14529E+07 1.00000 
   44   44    1    1     1     1     1    1    1    1  0.00000E+00 0.00000 
   45   45    1    1     1     1     1    1    1    1  5.70721E+06 1.00000 
   46   46    1    1     1     1     1    1    1    1  0.00000E+00 0.00000 
   47   47    1    1     1     1     1    1    1    1  0.00000E+00 0.00000 
   48   48    1    1     1     1     1    1    1    1  7.34296E+06 1.00000 
   49   49    1    1     1     1     1    1    1    1  2.30475E+07 1.00000 
   50   50    1    1     1     1     1    1    1    1  0.00000E+00 0.00000 
   51   51    1    1     1     1     1    1    1    1  1.73723E+07 0.70705 
   52   52    1    1     1     1     1    1    1    1  2.31350E+07 0.74686 
   53   53    1    1     1     1     1    1    1    1  2.47794E+07 1.00000 
   54   54    1    1     1     1     1    1    1    1  8.18635E+06 1.00000 
   55   55    1    1     1     1     1    1    1    1  0.00000E+00 0.00000 
   56   56    1    1     1     1     1    1    1    1  0.00000E+00 0.00000 
   57   57    1    1     1     1     1    1    1    1  0.00000E+00 0.00000 
   58   58    1    1     1     1     1    1    1    1  7.44477E+06 1.00000 
   59   59    1    1     1     1     1    1    1    1  6.52481E+06 1.00000 
   60   60    1    1     1     1     1    1    1    1  1.58953E+07 0.78094 
   61   61    1    1     1     1     1    1    1    1  0.00000E+00 0.00000 
   62   62    1    1     1     1     1    1    1    1  1.62798E+07 0.62507 
   63   63    1    1     1     1     1    1    1    1  1.10838E+07 0.57811 
   64   64    1    1     1     1     1    1    1    1  3.71060E+07 0.48552 
   65   65    1    1     1     1     1    1    1    1  1.16983E+07 0.64764 
   66   66    1    1     1     1     1    1    1    1  2.64012E+07 0.74834 
   67   67    1    1     1     1     1    1    1    1  4.30831E+07 0.52691 
   68   68    1    1     1     1     1    1    1    1  1.92318E+07 1.00000 
   69   69    1    1     1     1     1    1    1    1  2.28606E+07 0.59104 
   70   70    1    1     1     1     1    1    1    1  4.14716E+06 0.77047 
   71   71    1    1     1     1     1    1    1    1  3.29060E+06 1.00000 
   72   72    1    1     1     1     1    1    1    1  1.90745E+06 1.00000 
   73   73    1    1     1     1     1    1    1    1  1.97983E+06 0.74001 
   74   74    1    1     1     1     1    1    1    1  2.99818E+06 1.00000 
   75   75    1    1     1     1     1    1    1    1  4.97023E+06 1.00000 
   76   76    1    1     1     1     1    1    1    1  0.00000E+00 0.00000 
   77   77    1    1     1     1     1    1    1    1  8.97297E+06 0.65166 
   78   78    1    1     1     1     1    1    1    1  2.49361E+07 0.70961 
   79   79    1    1     1     1     1    1    1    1  2.50899E+07 0.51260 
   80   80    1    1     1     1     1    1    1    1  1.05389E+07 0.71058 
   81   81    1    1     1     1     1    1    1    1  1.80889E+07 0.75041 
   82   82    1    1     1     1     1    1    1    1  9.58669E+06 0.46952 
   83   83    1    1     1     1     1    1    1    1  3.38646E+07 0.42945 
   84   84    1    1     1     1     1    1    1    1  1.07593E+07 0.58693 
   85   85    1    1     1     1     1    1    1    1  5.72437E+07 0.32536 
   86   86    1    1     1     1     1    1    1    1  3.42708E+07 0.62262 
   87   87    1    1     1     1     1    1    1    1  1.37337E+07 0.58258 
   88   88    1    1     1     1     1    1    1    1  4.58241E+07 0.51657 
   89   89    1    1     1     1     1    1    1    1  4.65414E+07 0.35592 
   90   90    1    1     1     1     1    1    1    1  1.08179E+08 0.26814 
   91   91    1    1     1     1     1    1    1    1  1.16448E+08 0.27937 
   92   92    1    1     1     1     1    1    1    1  6.05864E+07 0.47070 
   93   93    1    1     1     1     1    1    1    1  8.46668E+07 0.49701 
   94   94    1    1     1     1     1    1    1    1  8.97577E+07 0.33115 
   95   95    1    1     1     1     1    1    1    1  4.64894E+07 0.26786 
   96   96    1    1     1     1     1    1    1    1  1.03553E+08 0.28533 
   97   97    1    1     1     1     1    1    1    1  1.74809E+08 0.18081 
   98   98    1    1     1     1     1    1    1    1  2.75327E+08 0.25227 
   99   99    1    1     1     1     1    1    1    1  2.89999E+08 0.21359 
  100  100    1    1     1     1     1    1    1    1  2.29256E+08 0.19746 
  101  101    1    1     1     1     1    1    1    1  2.47820E+08 0.17519 
  102  102    1    1     1     1     1    1    1    1  4.56560E+08 0.24285 
  103  103    1    1     1     1     1    1    1    1  3.44413E+08 0.17020 
  104  104    1    1     1     1     1    1    1    1  5.11505E+08 0.19316 
  105  105    1    1     1     1     1    1    1    1  4.93203E+08 0.14161 
