
DETspecTot = [
    1    1    1    1     1     1     1    1    1    1  0.00000E+00 0.00000 
    2    2    1    1     1     1     1    1    1    1  0.00000E+00 0.00000 
    3    3    1    1     1     1     1    1    1    1  0.00000E+00 0.00000 
    4    4    1    1     1     1     1    1    1    1  0.00000E+00 0.00000 
    5    5    1    1     1     1     1    1    1    1  0.00000E+00 0.00000 
    6    6    1    1     1     1     1    1    1    1  0.00000E+00 0.00000 
    7    7    1    1     1     1     1    1    1    1  0.00000E+00 0.00000 
    8    8    1    1     1     1     1    1    1    1  0.00000E+00 0.00000 
    9    9    1    1     1     1     1    1    1    1  0.00000E+00 0.00000 
   10   10    1    1     1     1     1    1    1    1  0.00000E+00 0.00000 
   11   11    1    1     1     1     1    1    1    1  0.00000E+00 0.00000 
   12   12    1    1     1     1     1    1    1    1  0.00000E+00 0.00000 
   13   13    1    1     1     1     1    1    1    1  0.00000E+00 0.00000 
   14   14    1    1     1     1     1    1    1    1  0.00000E+00 0.00000 
   15   15    1    1     1     1     1    1    1    1  0.00000E+00 0.00000 
   16   16    1    1     1     1     1    1    1    1  5.48016E+05 1.00000 
   17   17    1    1     1     1     1    1    1    1  0.00000E+00 0.00000 
   18   18    1    1     1     1     1    1    1    1  1.98127E+06 0.57727 
   19   19    1    1     1     1     1    1    1    1  0.00000E+00 0.00000 
   20   20    1    1     1     1     1    1    1    1  0.00000E+00 0.00000 
   21   21    1    1     1     1     1    1    1    1  0.00000E+00 0.00000 
   22   22    1    1     1     1     1    1    1    1  4.56552E+05 1.00000 
   23   23    1    1     1     1     1    1    1    1  0.00000E+00 0.00000 
   24   24    1    1     1     1     1    1    1    1  9.97110E+05 1.00000 
   25   25    1    1     1     1     1    1    1    1  0.00000E+00 0.00000 
   26   26    1    1     1     1     1    1    1    1  0.00000E+00 0.00000 
   27   27    1    1     1     1     1    1    1    1  3.42231E+06 1.00000 
   28   28    1    1     1     1     1    1    1    1  0.00000E+00 0.00000 
   29   29    1    1     1     1     1    1    1    1  0.00000E+00 0.00000 
   30   30    1    1     1     1     1    1    1    1  7.49748E+06 0.79116 
   31   31    1    1     1     1     1    1    1    1  1.02660E+07 0.74185 
   32   32    1    1     1     1     1    1    1    1  0.00000E+00 0.00000 
   33   33    1    1     1     1     1    1    1    1  0.00000E+00 0.00000 
   34   34    1    1     1     1     1    1    1    1  0.00000E+00 0.00000 
   35   35    1    1     1     1     1    1    1    1  1.27807E+07 1.00000 
   36   36    1    1     1     1     1    1    1    1  4.08272E+06 1.00000 
   37   37    1    1     1     1     1    1    1    1  6.85332E+06 0.72013 
   38   38    1    1     1     1     1    1    1    1  0.00000E+00 0.00000 
   39   39    1    1     1     1     1    1    1    1  6.02280E+06 0.71270 
   40   40    1    1     1     1     1    1    1    1  1.62534E+06 1.00000 
   41   41    1    1     1     1     1    1    1    1  0.00000E+00 0.00000 
   42   42    1    1     1     1     1    1    1    1  0.00000E+00 0.00000 
   43   43    1    1     1     1     1    1    1    1  6.14429E+06 1.00000 
   44   44    1    1     1     1     1    1    1    1  0.00000E+00 0.00000 
   45   45    1    1     1     1     1    1    1    1  4.76856E+06 1.00000 
   46   46    1    1     1     1     1    1    1    1  8.55486E+06 0.70771 
   47   47    1    1     1     1     1    1    1    1  2.90750E+07 0.47031 
   48   48    1    1     1     1     1    1    1    1  1.93886E+07 0.75570 
   49   49    1    1     1     1     1    1    1    1  5.68216E+07 0.39558 
   50   50    1    1     1     1     1    1    1    1  0.00000E+00 0.00000 
   51   51    1    1     1     1     1    1    1    1  3.38482E+07 0.60703 
   52   52    1    1     1     1     1    1    1    1  6.23304E+07 0.49919 
   53   53    1    1     1     1     1    1    1    1  5.15071E+07 0.58025 
   54   54    1    1     1     1     1    1    1    1  3.41689E+07 0.61247 
   55   55    1    1     1     1     1    1    1    1  4.65972E+07 0.66160 
   56   56    1    1     1     1     1    1    1    1  1.05418E+08 0.70705 
   57   57    1    1     1     1     1    1    1    1  4.41998E+07 0.79389 
   58   58    1    1     1     1     1    1    1    1  3.54974E+07 0.70740 
   59   59    1    1     1     1     1    1    1    1  4.29310E+07 0.62480 
   60   60    1    1     1     1     1    1    1    1  1.03009E+08 0.36115 
   61   61    1    1     1     1     1    1    1    1  0.00000E+00 0.00000 
   62   62    1    1     1     1     1    1    1    1  8.66823E+07 0.34967 
   63   63    1    1     1     1     1    1    1    1  4.53560E+07 0.53415 
   64   64    1    1     1     1     1    1    1    1  6.79450E+07 0.39647 
   65   65    1    1     1     1     1    1    1    1  9.75472E+07 0.32139 
   66   66    1    1     1     1     1    1    1    1  1.53636E+08 0.49992 
   67   67    1    1     1     1     1    1    1    1  1.14473E+08 0.33924 
   68   68    1    1     1     1     1    1    1    1  9.50329E+07 0.40107 
   69   69    1    1     1     1     1    1    1    1  5.97700E+07 0.31358 
   70   70    1    1     1     1     1    1    1    1  1.42161E+07 0.39186 
   71   71    1    1     1     1     1    1    1    1  2.13624E+07 0.35519 
   72   72    1    1     1     1     1    1    1    1  2.47946E+07 0.40929 
   73   73    1    1     1     1     1    1    1    1  1.18883E+07 0.38070 
   74   74    1    1     1     1     1    1    1    1  7.10051E+07 0.46172 
   75   75    1    1     1     1     1    1    1    1  3.43507E+07 0.41300 
   76   76    1    1     1     1     1    1    1    1  6.78951E+07 0.34250 
   77   77    1    1     1     1     1    1    1    1  4.60593E+07 0.28972 
   78   78    1    1     1     1     1    1    1    1  5.36016E+07 0.38497 
   79   79    1    1     1     1     1    1    1    1  1.09299E+08 0.27572 
   80   80    1    1     1     1     1    1    1    1  1.97602E+08 0.32260 
   81   81    1    1     1     1     1    1    1    1  5.69661E+07 0.39132 
   82   82    1    1     1     1     1    1    1    1  9.53456E+07 0.24294 
   83   83    1    1     1     1     1    1    1    1  1.79468E+08 0.23290 
   84   84    1    1     1     1     1    1    1    1  9.92457E+07 0.25348 
   85   85    1    1     1     1     1    1    1    1  1.61861E+08 0.23343 
   86   86    1    1     1     1     1    1    1    1  2.88025E+08 0.22528 
   87   87    1    1     1     1     1    1    1    1  2.11744E+08 0.19765 
   88   88    1    1     1     1     1    1    1    1  1.73211E+08 0.18452 
   89   89    1    1     1     1     1    1    1    1  1.50859E+08 0.24939 
   90   90    1    1     1     1     1    1    1    1  4.51415E+08 0.14741 
   91   91    1    1     1     1     1    1    1    1  6.97867E+08 0.12103 
   92   92    1    1     1     1     1    1    1    1  6.83588E+08 0.18652 
   93   93    1    1     1     1     1    1    1    1  5.73383E+08 0.21048 
   94   94    1    1     1     1     1    1    1    1  4.31646E+08 0.14541 
   95   95    1    1     1     1     1    1    1    1  2.07852E+08 0.14954 
   96   96    1    1     1     1     1    1    1    1  4.47786E+08 0.14145 
   97   97    1    1     1     1     1    1    1    1  5.68290E+08 0.09817 
   98   98    1    1     1     1     1    1    1    1  8.44431E+08 0.13144 
   99   99    1    1     1     1     1    1    1    1  8.11505E+08 0.13128 
  100  100    1    1     1     1     1    1    1    1  9.26045E+08 0.10376 
  101  101    1    1     1     1     1    1    1    1  9.88785E+08 0.08801 
  102  102    1    1     1     1     1    1    1    1  1.46048E+09 0.13903 
  103  103    1    1     1     1     1    1    1    1  8.84834E+08 0.10987 
  104  104    1    1     1     1     1    1    1    1  1.52812E+09 0.11425 
  105  105    1    1     1     1     1    1    1    1  1.43971E+09 0.08057 
