
DETspecTot = [
    1    1    1    1     1     1     1    1    1    1  0.00000E+00 0.00000 
    2    2    1    1     1     1     1    1    1    1  0.00000E+00 0.00000 
    3    3    1    1     1     1     1    1    1    1  0.00000E+00 0.00000 
    4    4    1    1     1     1     1    1    1    1  0.00000E+00 0.00000 
    5    5    1    1     1     1     1    1    1    1  0.00000E+00 0.00000 
    6    6    1    1     1     1     1    1    1    1  0.00000E+00 0.00000 
    7    7    1    1     1     1     1    1    1    1  0.00000E+00 0.00000 
    8    8    1    1     1     1     1    1    1    1  0.00000E+00 0.00000 
    9    9    1    1     1     1     1    1    1    1  0.00000E+00 0.00000 
   10   10    1    1     1     1     1    1    1    1  0.00000E+00 0.00000 
   11   11    1    1     1     1     1    1    1    1  0.00000E+00 0.00000 
   12   12    1    1     1     1     1    1    1    1  0.00000E+00 0.00000 
   13   13    1    1     1     1     1    1    1    1  0.00000E+00 0.00000 
   14   14    1    1     1     1     1    1    1    1  0.00000E+00 0.00000 
   15   15    1    1     1     1     1    1    1    1  0.00000E+00 0.00000 
   16   16    1    1     1     1     1    1    1    1  0.00000E+00 0.00000 
   17   17    1    1     1     1     1    1    1    1  0.00000E+00 0.00000 
   18   18    1    1     1     1     1    1    1    1  0.00000E+00 0.00000 
   19   19    1    1     1     1     1    1    1    1  0.00000E+00 0.00000 
   20   20    1    1     1     1     1    1    1    1  0.00000E+00 0.00000 
   21   21    1    1     1     1     1    1    1    1  0.00000E+00 0.00000 
   22   22    1    1     1     1     1    1    1    1  4.70460E+05 1.00000 
   23   23    1    1     1     1     1    1    1    1  8.23076E+05 1.00000 
   24   24    1    1     1     1     1    1    1    1  1.16583E+06 1.00000 
   25   25    1    1     1     1     1    1    1    1  2.88751E+06 1.00000 
   26   26    1    1     1     1     1    1    1    1  0.00000E+00 0.00000 
   27   27    1    1     1     1     1    1    1    1  3.77334E+06 1.00000 
   28   28    1    1     1     1     1    1    1    1  0.00000E+00 0.00000 
   29   29    1    1     1     1     1    1    1    1  0.00000E+00 0.00000 
   30   30    1    1     1     1     1    1    1    1  0.00000E+00 0.00000 
   31   31    1    1     1     1     1    1    1    1  0.00000E+00 0.00000 
   32   32    1    1     1     1     1    1    1    1  0.00000E+00 0.00000 
   33   33    1    1     1     1     1    1    1    1  0.00000E+00 0.00000 
   34   34    1    1     1     1     1    1    1    1  0.00000E+00 0.00000 
   35   35    1    1     1     1     1    1    1    1  0.00000E+00 0.00000 
   36   36    1    1     1     1     1    1    1    1  0.00000E+00 0.00000 
   37   37    1    1     1     1     1    1    1    1  0.00000E+00 0.00000 
   38   38    1    1     1     1     1    1    1    1  0.00000E+00 0.00000 
   39   39    1    1     1     1     1    1    1    1  3.97730E+06 1.00000 
   40   40    1    1     1     1     1    1    1    1  6.79164E+06 0.57793 
   41   41    1    1     1     1     1    1    1    1  0.00000E+00 0.00000 
   42   42    1    1     1     1     1    1    1    1  0.00000E+00 0.00000 
   43   43    1    1     1     1     1    1    1    1  0.00000E+00 0.00000 
   44   44    1    1     1     1     1    1    1    1  0.00000E+00 0.00000 
   45   45    1    1     1     1     1    1    1    1  1.00042E+07 0.71217 
   46   46    1    1     1     1     1    1    1    1  9.31110E+06 0.70705 
   47   47    1    1     1     1     1    1    1    1  1.06463E+07 0.70743 
   48   48    1    1     1     1     1    1    1    1  6.72633E+06 1.00000 
   49   49    1    1     1     1     1    1    1    1  4.33193E+07 0.62431 
   50   50    1    1     1     1     1    1    1    1  1.03738E+08 1.00000 
   51   51    1    1     1     1     1    1    1    1  8.45110E+07 0.67836 
   52   52    1    1     1     1     1    1    1    1  3.17236E+07 0.60508 
   53   53    1    1     1     1     1    1    1    1  9.53536E+07 0.50737 
   54   54    1    1     1     1     1    1    1    1  1.20085E+08 0.61568 
   55   55    1    1     1     1     1    1    1    1  8.17102E+07 0.59820 
   56   56    1    1     1     1     1    1    1    1  5.11440E+07 1.00000 
   57   57    1    1     1     1     1    1    1    1  3.26061E+07 0.57733 
   58   58    1    1     1     1     1    1    1    1  6.68914E+07 0.68893 
   59   59    1    1     1     1     1    1    1    1  8.54692E+07 0.51505 
   60   60    1    1     1     1     1    1    1    1  4.39634E+07 0.42498 
   61   61    1    1     1     1     1    1    1    1  8.52861E+07 1.00000 
   62   62    1    1     1     1     1    1    1    1  2.36978E+07 0.56194 
   63   63    1    1     1     1     1    1    1    1  4.92423E+07 0.50664 
   64   64    1    1     1     1     1    1    1    1  3.12955E+07 0.50307 
   65   65    1    1     1     1     1    1    1    1  2.79531E+07 0.37730 
   66   66    1    1     1     1     1    1    1    1  1.04241E+08 0.50399 
   67   67    1    1     1     1     1    1    1    1  6.20608E+07 0.59296 
   68   68    1    1     1     1     1    1    1    1  6.18653E+07 0.57736 
   69   69    1    1     1     1     1    1    1    1  3.22371E+07 0.56575 
   70   70    1    1     1     1     1    1    1    1  1.32569E+07 0.43814 
   71   71    1    1     1     1     1    1    1    1  8.41268E+06 0.57756 
   72   72    1    1     1     1     1    1    1    1  1.01495E+07 0.70717 
   73   73    1    1     1     1     1    1    1    1  3.96681E+06 0.46519 
   74   74    1    1     1     1     1    1    1    1  7.43900E+07 0.35764 
   75   75    1    1     1     1     1    1    1    1  6.08339E+07 0.34979 
   76   76    1    1     1     1     1    1    1    1  1.02803E+08 0.38976 
   77   77    1    1     1     1     1    1    1    1  7.69273E+07 0.32395 
   78   78    1    1     1     1     1    1    1    1  7.28533E+07 0.33763 
   79   79    1    1     1     1     1    1    1    1  1.51519E+08 0.28476 
   80   80    1    1     1     1     1    1    1    1  1.30522E+08 0.36422 
   81   81    1    1     1     1     1    1    1    1  8.13013E+07 0.33585 
   82   82    1    1     1     1     1    1    1    1  7.59234E+07 0.23445 
   83   83    1    1     1     1     1    1    1    1  1.77484E+08 0.24875 
   84   84    1    1     1     1     1    1    1    1  9.77982E+07 0.22756 
   85   85    1    1     1     1     1    1    1    1  1.30278E+08 0.23182 
   86   86    1    1     1     1     1    1    1    1  1.68858E+08 0.34746 
   87   87    1    1     1     1     1    1    1    1  1.04985E+08 0.26594 
   88   88    1    1     1     1     1    1    1    1  6.70083E+07 0.31275 
   89   89    1    1     1     1     1    1    1    1  1.17279E+08 0.21740 
   90   90    1    1     1     1     1    1    1    1  2.97181E+08 0.16190 
   91   91    1    1     1     1     1    1    1    1  4.22254E+08 0.14702 
   92   92    1    1     1     1     1    1    1    1  4.31585E+08 0.20032 
   93   93    1    1     1     1     1    1    1    1  4.07024E+08 0.22970 
   94   94    1    1     1     1     1    1    1    1  3.58680E+08 0.15459 
   95   95    1    1     1     1     1    1    1    1  1.33040E+08 0.16299 
   96   96    1    1     1     1     1    1    1    1  3.52859E+08 0.16614 
   97   97    1    1     1     1     1    1    1    1  3.58063E+08 0.12146 
   98   98    1    1     1     1     1    1    1    1  5.42711E+08 0.16660 
   99   99    1    1     1     1     1    1    1    1  6.89217E+08 0.14622 
  100  100    1    1     1     1     1    1    1    1  6.36093E+08 0.11242 
  101  101    1    1     1     1     1    1    1    1  7.12304E+08 0.10340 
  102  102    1    1     1     1     1    1    1    1  8.60338E+08 0.17370 
  103  103    1    1     1     1     1    1    1    1  8.11300E+08 0.10765 
  104  104    1    1     1     1     1    1    1    1  1.08817E+09 0.12708 
  105  105    1    1     1     1     1    1    1    1  1.17489E+09 0.09308 
