
DETspecTot = [
    1    1    1    1     1     1     1    1    1    1  0.00000E+00 0.00000 
    2    2    1    1     1     1     1    1    1    1  0.00000E+00 0.00000 
    3    3    1    1     1     1     1    1    1    1  0.00000E+00 0.00000 
    4    4    1    1     1     1     1    1    1    1  0.00000E+00 0.00000 
    5    5    1    1     1     1     1    1    1    1  1.21304E+05 1.00000 
    6    6    1    1     1     1     1    1    1    1  0.00000E+00 0.00000 
    7    7    1    1     1     1     1    1    1    1  0.00000E+00 0.00000 
    8    8    1    1     1     1     1    1    1    1  0.00000E+00 0.00000 
    9    9    1    1     1     1     1    1    1    1  0.00000E+00 0.00000 
   10   10    1    1     1     1     1    1    1    1  0.00000E+00 0.00000 
   11   11    1    1     1     1     1    1    1    1  0.00000E+00 0.00000 
   12   12    1    1     1     1     1    1    1    1  0.00000E+00 0.00000 
   13   13    1    1     1     1     1    1    1    1  0.00000E+00 0.00000 
   14   14    1    1     1     1     1    1    1    1  0.00000E+00 0.00000 
   15   15    1    1     1     1     1    1    1    1  0.00000E+00 0.00000 
   16   16    1    1     1     1     1    1    1    1  0.00000E+00 0.00000 
   17   17    1    1     1     1     1    1    1    1  0.00000E+00 0.00000 
   18   18    1    1     1     1     1    1    1    1  6.35586E+05 1.00000 
   19   19    1    1     1     1     1    1    1    1  0.00000E+00 0.00000 
   20   20    1    1     1     1     1    1    1    1  0.00000E+00 0.00000 
   21   21    1    1     1     1     1    1    1    1  4.55498E+05 1.00000 
   22   22    1    1     1     1     1    1    1    1  0.00000E+00 0.00000 
   23   23    1    1     1     1     1    1    1    1  0.00000E+00 0.00000 
   24   24    1    1     1     1     1    1    1    1  8.51499E+05 1.00000 
   25   25    1    1     1     1     1    1    1    1  0.00000E+00 0.00000 
   26   26    1    1     1     1     1    1    1    1  3.59633E+06 1.00000 
   27   27    1    1     1     1     1    1    1    1  0.00000E+00 0.00000 
   28   28    1    1     1     1     1    1    1    1  4.85789E+06 1.00000 
   29   29    1    1     1     1     1    1    1    1  0.00000E+00 0.00000 
   30   30    1    1     1     1     1    1    1    1  0.00000E+00 0.00000 
   31   31    1    1     1     1     1    1    1    1  0.00000E+00 0.00000 
   32   32    1    1     1     1     1    1    1    1  1.98124E+07 1.00000 
   33   33    1    1     1     1     1    1    1    1  1.66881E+07 0.70050 
   34   34    1    1     1     1     1    1    1    1  6.58894E+06 0.70857 
   35   35    1    1     1     1     1    1    1    1  1.21253E+07 1.00000 
   36   36    1    1     1     1     1    1    1    1  1.13037E+07 0.74505 
   37   37    1    1     1     1     1    1    1    1  2.55606E+06 1.00000 
   38   38    1    1     1     1     1    1    1    1  8.89311E+06 1.00000 
   39   39    1    1     1     1     1    1    1    1  2.54138E+06 1.00000 
   40   40    1    1     1     1     1    1    1    1  0.00000E+00 0.00000 
   41   41    1    1     1     1     1    1    1    1  0.00000E+00 0.00000 
   42   42    1    1     1     1     1    1    1    1  0.00000E+00 0.00000 
   43   43    1    1     1     1     1    1    1    1  0.00000E+00 0.00000 
   44   44    1    1     1     1     1    1    1    1  1.52186E+07 0.70816 
   45   45    1    1     1     1     1    1    1    1  1.28483E+07 0.75120 
   46   46    1    1     1     1     1    1    1    1  1.90866E+07 0.52899 
   47   47    1    1     1     1     1    1    1    1  1.34473E+07 0.57812 
   48   48    1    1     1     1     1    1    1    1  2.41321E+07 1.00000 
   49   49    1    1     1     1     1    1    1    1  1.42108E+07 0.70711 
   50   50    1    1     1     1     1    1    1    1  0.00000E+00 0.00000 
   51   51    1    1     1     1     1    1    1    1  4.24008E+07 0.44716 
   52   52    1    1     1     1     1    1    1    1  5.64316E+07 0.62611 
   53   53    1    1     1     1     1    1    1    1  6.26032E+07 0.55167 
   54   54    1    1     1     1     1    1    1    1  7.12232E+07 0.58091 
   55   55    1    1     1     1     1    1    1    1  7.86104E+07 0.50213 
   56   56    1    1     1     1     1    1    1    1  5.63002E+07 1.00000 
   57   57    1    1     1     1     1    1    1    1  7.07277E+07 0.52626 
   58   58    1    1     1     1     1    1    1    1  6.54023E+07 0.51773 
   59   59    1    1     1     1     1    1    1    1  7.10114E+07 0.50608 
   60   60    1    1     1     1     1    1    1    1  4.73028E+07 0.60220 
   61   61    1    1     1     1     1    1    1    1  0.00000E+00 0.00000 
   62   62    1    1     1     1     1    1    1    1  2.51691E+07 0.58865 
   63   63    1    1     1     1     1    1    1    1  2.47056E+07 0.66935 
   64   64    1    1     1     1     1    1    1    1  6.11314E+07 0.33271 
   65   65    1    1     1     1     1    1    1    1  9.86697E+07 0.30820 
   66   66    1    1     1     1     1    1    1    1  7.10150E+07 0.51765 
   67   67    1    1     1     1     1    1    1    1  1.18386E+08 0.25890 
   68   68    1    1     1     1     1    1    1    1  8.91949E+07 0.50427 
   69   69    1    1     1     1     1    1    1    1  4.71228E+07 0.43016 
   70   70    1    1     1     1     1    1    1    1  1.05936E+07 0.35509 
   71   71    1    1     1     1     1    1    1    1  3.00430E+07 0.49174 
   72   72    1    1     1     1     1    1    1    1  2.25761E+07 0.42901 
   73   73    1    1     1     1     1    1    1    1  2.28192E+07 0.28121 
   74   74    1    1     1     1     1    1    1    1  1.51676E+08 0.32020 
   75   75    1    1     1     1     1    1    1    1  7.86632E+07 0.29116 
   76   76    1    1     1     1     1    1    1    1  1.29169E+08 0.23639 
   77   77    1    1     1     1     1    1    1    1  1.14262E+08 0.24047 
   78   78    1    1     1     1     1    1    1    1  2.35291E+08 0.25649 
   79   79    1    1     1     1     1    1    1    1  2.52141E+08 0.19748 
   80   80    1    1     1     1     1    1    1    1  1.71597E+08 0.24193 
   81   81    1    1     1     1     1    1    1    1  1.03526E+08 0.29674 
   82   82    1    1     1     1     1    1    1    1  2.28328E+08 0.14614 
   83   83    1    1     1     1     1    1    1    1  2.92823E+08 0.17969 
   84   84    1    1     1     1     1    1    1    1  1.46638E+08 0.16142 
   85   85    1    1     1     1     1    1    1    1  2.68153E+08 0.17472 
   86   86    1    1     1     1     1    1    1    1  3.68811E+08 0.21697 
   87   87    1    1     1     1     1    1    1    1  2.50447E+08 0.19405 
   88   88    1    1     1     1     1    1    1    1  2.05647E+08 0.18588 
   89   89    1    1     1     1     1    1    1    1  2.15716E+08 0.13681 
   90   90    1    1     1     1     1    1    1    1  6.95121E+08 0.12246 
   91   91    1    1     1     1     1    1    1    1  7.98676E+08 0.11187 
   92   92    1    1     1     1     1    1    1    1  8.45381E+08 0.17647 
   93   93    1    1     1     1     1    1    1    1  9.39006E+08 0.15526 
   94   94    1    1     1     1     1    1    1    1  6.03650E+08 0.12310 
   95   95    1    1     1     1     1    1    1    1  2.93958E+08 0.11632 
   96   96    1    1     1     1     1    1    1    1  8.86878E+08 0.11413 
   97   97    1    1     1     1     1    1    1    1  8.93324E+08 0.08424 
   98   98    1    1     1     1     1    1    1    1  1.06984E+09 0.11574 
   99   99    1    1     1     1     1    1    1    1  1.33547E+09 0.11662 
  100  100    1    1     1     1     1    1    1    1  1.37336E+09 0.08354 
  101  101    1    1     1     1     1    1    1    1  1.60816E+09 0.07552 
  102  102    1    1     1     1     1    1    1    1  1.94708E+09 0.11617 
  103  103    1    1     1     1     1    1    1    1  1.76166E+09 0.07626 
  104  104    1    1     1     1     1    1    1    1  2.55140E+09 0.08833 
  105  105    1    1     1     1     1    1    1    1  2.59494E+09 0.06324 
