
DETspecTot = [
    1    1    1    1     1     1     1    1    1    1  0.00000E+00 0.00000 
    2    2    1    1     1     1     1    1    1    1  0.00000E+00 0.00000 
    3    3    1    1     1     1     1    1    1    1  0.00000E+00 0.00000 
    4    4    1    1     1     1     1    1    1    1  0.00000E+00 0.00000 
    5    5    1    1     1     1     1    1    1    1  0.00000E+00 0.00000 
    6    6    1    1     1     1     1    1    1    1  0.00000E+00 0.00000 
    7    7    1    1     1     1     1    1    1    1  0.00000E+00 0.00000 
    8    8    1    1     1     1     1    1    1    1  0.00000E+00 0.00000 
    9    9    1    1     1     1     1    1    1    1  0.00000E+00 0.00000 
   10   10    1    1     1     1     1    1    1    1  0.00000E+00 0.00000 
   11   11    1    1     1     1     1    1    1    1  0.00000E+00 0.00000 
   12   12    1    1     1     1     1    1    1    1  0.00000E+00 0.00000 
   13   13    1    1     1     1     1    1    1    1  0.00000E+00 0.00000 
   14   14    1    1     1     1     1    1    1    1  1.10249E+06 1.00000 
   15   15    1    1     1     1     1    1    1    1  0.00000E+00 0.00000 
   16   16    1    1     1     1     1    1    1    1  0.00000E+00 0.00000 
   17   17    1    1     1     1     1    1    1    1  5.60467E+05 1.00000 
   18   18    1    1     1     1     1    1    1    1  6.09960E+05 1.00000 
   19   19    1    1     1     1     1    1    1    1  5.61780E+05 1.00000 
   20   20    1    1     1     1     1    1    1    1  0.00000E+00 0.00000 
   21   21    1    1     1     1     1    1    1    1  4.01324E+05 1.00000 
   22   22    1    1     1     1     1    1    1    1  3.70692E+05 1.00000 
   23   23    1    1     1     1     1    1    1    1  4.95199E+05 1.00000 
   24   24    1    1     1     1     1    1    1    1  0.00000E+00 0.00000 
   25   25    1    1     1     1     1    1    1    1  0.00000E+00 0.00000 
   26   26    1    1     1     1     1    1    1    1  0.00000E+00 0.00000 
   27   27    1    1     1     1     1    1    1    1  3.73759E+06 0.70712 
   28   28    1    1     1     1     1    1    1    1  5.13874E+06 0.70791 
   29   29    1    1     1     1     1    1    1    1  0.00000E+00 0.00000 
   30   30    1    1     1     1     1    1    1    1  3.97411E+06 0.70704 
   31   31    1    1     1     1     1    1    1    1  0.00000E+00 0.00000 
   32   32    1    1     1     1     1    1    1    1  9.56983E+06 1.00000 
   33   33    1    1     1     1     1    1    1    1  1.34542E+07 0.66082 
   34   34    1    1     1     1     1    1    1    1  2.78626E+07 0.40214 
   35   35    1    1     1     1     1    1    1    1  1.18198E+07 1.00000 
   36   36    1    1     1     1     1    1    1    1  0.00000E+00 0.00000 
   37   37    1    1     1     1     1    1    1    1  6.95925E+06 0.70712 
   38   38    1    1     1     1     1    1    1    1  0.00000E+00 0.00000 
   39   39    1    1     1     1     1    1    1    1  1.36087E+06 1.00000 
   40   40    1    1     1     1     1    1    1    1  7.46061E+05 1.00000 
   41   41    1    1     1     1     1    1    1    1  0.00000E+00 0.00000 
   42   42    1    1     1     1     1    1    1    1  0.00000E+00 0.00000 
   43   43    1    1     1     1     1    1    1    1  0.00000E+00 0.00000 
   44   44    1    1     1     1     1    1    1    1  0.00000E+00 0.00000 
   45   45    1    1     1     1     1    1    1    1  0.00000E+00 0.00000 
   46   46    1    1     1     1     1    1    1    1  2.68008E+07 0.42789 
   47   47    1    1     1     1     1    1    1    1  1.61616E+07 0.49996 
   48   48    1    1     1     1     1    1    1    1  2.21948E+07 0.50184 
   49   49    1    1     1     1     1    1    1    1  6.09566E+07 0.45925 
   50   50    1    1     1     1     1    1    1    1  0.00000E+00 0.00000 
   51   51    1    1     1     1     1    1    1    1  9.08769E+07 0.50709 
   52   52    1    1     1     1     1    1    1    1  1.67930E+08 0.35655 
   53   53    1    1     1     1     1    1    1    1  8.00224E+07 0.39922 
   54   54    1    1     1     1     1    1    1    1  9.96776E+07 0.52372 
   55   55    1    1     1     1     1    1    1    1  1.48203E+08 0.53347 
   56   56    1    1     1     1     1    1    1    1  1.14033E+08 0.70704 
   57   57    1    1     1     1     1    1    1    1  1.20263E+08 0.45024 
   58   58    1    1     1     1     1    1    1    1  7.84124E+07 0.53842 
   59   59    1    1     1     1     1    1    1    1  1.16519E+08 0.45004 
   60   60    1    1     1     1     1    1    1    1  1.21618E+08 0.34653 
   61   61    1    1     1     1     1    1    1    1  0.00000E+00 0.00000 
   62   62    1    1     1     1     1    1    1    1  1.09913E+08 0.31872 
   63   63    1    1     1     1     1    1    1    1  1.09049E+08 0.32985 
   64   64    1    1     1     1     1    1    1    1  1.10814E+08 0.29387 
   65   65    1    1     1     1     1    1    1    1  1.82773E+08 0.23095 
   66   66    1    1     1     1     1    1    1    1  1.51275E+08 0.39531 
   67   67    1    1     1     1     1    1    1    1  1.05956E+08 0.32796 
   68   68    1    1     1     1     1    1    1    1  8.95107E+07 0.39091 
   69   69    1    1     1     1     1    1    1    1  1.13185E+08 0.28853 
   70   70    1    1     1     1     1    1    1    1  4.38593E+07 0.41412 
   71   71    1    1     1     1     1    1    1    1  5.45564E+07 0.23030 
   72   72    1    1     1     1     1    1    1    1  5.94084E+07 0.29354 
   73   73    1    1     1     1     1    1    1    1  3.23947E+07 0.28891 
   74   74    1    1     1     1     1    1    1    1  1.37861E+08 0.27977 
   75   75    1    1     1     1     1    1    1    1  1.32627E+08 0.22323 
   76   76    1    1     1     1     1    1    1    1  7.15482E+07 0.29661 
   77   77    1    1     1     1     1    1    1    1  1.79793E+08 0.20988 
   78   78    1    1     1     1     1    1    1    1  3.11208E+08 0.28335 
   79   79    1    1     1     1     1    1    1    1  3.23649E+08 0.19810 
   80   80    1    1     1     1     1    1    1    1  3.39743E+08 0.20920 
   81   81    1    1     1     1     1    1    1    1  1.40739E+08 0.21119 
   82   82    1    1     1     1     1    1    1    1  2.10818E+08 0.15169 
   83   83    1    1     1     1     1    1    1    1  3.60913E+08 0.19033 
   84   84    1    1     1     1     1    1    1    1  1.59544E+08 0.15104 
   85   85    1    1     1     1     1    1    1    1  3.69099E+08 0.15175 
   86   86    1    1     1     1     1    1    1    1  5.44181E+08 0.17155 
   87   87    1    1     1     1     1    1    1    1  3.44825E+08 0.15449 
   88   88    1    1     1     1     1    1    1    1  3.05405E+08 0.15800 
   89   89    1    1     1     1     1    1    1    1  2.70818E+08 0.13884 
   90   90    1    1     1     1     1    1    1    1  8.97036E+08 0.09970 
   91   91    1    1     1     1     1    1    1    1  1.17794E+09 0.09251 
   92   92    1    1     1     1     1    1    1    1  1.30604E+09 0.13748 
   93   93    1    1     1     1     1    1    1    1  1.20684E+09 0.13612 
   94   94    1    1     1     1     1    1    1    1  7.44240E+08 0.11093 
   95   95    1    1     1     1     1    1    1    1  4.21896E+08 0.10155 
   96   96    1    1     1     1     1    1    1    1  8.19549E+08 0.10440 
   97   97    1    1     1     1     1    1    1    1  8.94995E+08 0.07991 
   98   98    1    1     1     1     1    1    1    1  1.59434E+09 0.10083 
   99   99    1    1     1     1     1    1    1    1  1.57925E+09 0.10656 
  100  100    1    1     1     1     1    1    1    1  1.94874E+09 0.07195 
  101  101    1    1     1     1     1    1    1    1  2.00006E+09 0.06623 
  102  102    1    1     1     1     1    1    1    1  3.67855E+09 0.09669 
  103  103    1    1     1     1     1    1    1    1  2.26152E+09 0.06796 
  104  104    1    1     1     1     1    1    1    1  3.97600E+09 0.07585 
  105  105    1    1     1     1     1    1    1    1  3.43529E+09 0.05728 
