
DETspecTot = [
    1    1    1    1     1     1     1    1    1    1  0.00000E+00 0.00000 
    2    2    1    1     1     1     1    1    1    1  0.00000E+00 0.00000 
    3    3    1    1     1     1     1    1    1    1  0.00000E+00 0.00000 
    4    4    1    1     1     1     1    1    1    1  0.00000E+00 0.00000 
    5    5    1    1     1     1     1    1    1    1  1.18666E+05 1.00000 
    6    6    1    1     1     1     1    1    1    1  0.00000E+00 0.00000 
    7    7    1    1     1     1     1    1    1    1  0.00000E+00 0.00000 
    8    8    1    1     1     1     1    1    1    1  0.00000E+00 0.00000 
    9    9    1    1     1     1     1    1    1    1  0.00000E+00 0.00000 
   10   10    1    1     1     1     1    1    1    1  0.00000E+00 0.00000 
   11   11    1    1     1     1     1    1    1    1  0.00000E+00 0.00000 
   12   12    1    1     1     1     1    1    1    1  0.00000E+00 0.00000 
   13   13    1    1     1     1     1    1    1    1  0.00000E+00 0.00000 
   14   14    1    1     1     1     1    1    1    1  0.00000E+00 0.00000 
   15   15    1    1     1     1     1    1    1    1  4.23406E+05 1.00000 
   16   16    1    1     1     1     1    1    1    1  4.25056E+05 1.00000 
   17   17    1    1     1     1     1    1    1    1  5.59840E+05 1.00000 
   18   18    1    1     1     1     1    1    1    1  6.20237E+05 1.00000 
   19   19    1    1     1     1     1    1    1    1  1.09706E+06 0.70719 
   20   20    1    1     1     1     1    1    1    1  0.00000E+00 0.00000 
   21   21    1    1     1     1     1    1    1    1  0.00000E+00 0.00000 
   22   22    1    1     1     1     1    1    1    1  1.44290E+06 0.50010 
   23   23    1    1     1     1     1    1    1    1  2.33165E+06 0.50408 
   24   24    1    1     1     1     1    1    1    1  1.59976E+06 0.70768 
   25   25    1    1     1     1     1    1    1    1  1.28724E+07 0.66244 
   26   26    1    1     1     1     1    1    1    1  0.00000E+00 0.00000 
   27   27    1    1     1     1     1    1    1    1  5.54371E+06 0.57725 
   28   28    1    1     1     1     1    1    1    1  2.33720E+07 0.54035 
   29   29    1    1     1     1     1    1    1    1  1.68275E+07 1.00000 
   30   30    1    1     1     1     1    1    1    1  1.67142E+07 0.45981 
   31   31    1    1     1     1     1    1    1    1  5.28143E+07 0.38537 
   32   32    1    1     1     1     1    1    1    1  4.93551E+07 0.52685 
   33   33    1    1     1     1     1    1    1    1  2.92601E+07 0.37156 
   34   34    1    1     1     1     1    1    1    1  3.20858E+07 0.36614 
   35   35    1    1     1     1     1    1    1    1  2.99668E+07 0.57734 
   36   36    1    1     1     1     1    1    1    1  8.48185E+06 0.57798 
   37   37    1    1     1     1     1    1    1    1  6.78215E+06 0.70320 
   38   38    1    1     1     1     1    1    1    1  4.35696E+06 0.58039 
   39   39    1    1     1     1     1    1    1    1  5.39695E+05 1.00000 
   40   40    1    1     1     1     1    1    1    1  9.63443E+05 0.57754 
   41   41    1    1     1     1     1    1    1    1  0.00000E+00 0.00000 
   42   42    1    1     1     1     1    1    1    1  1.64943E+06 1.00000 
   43   43    1    1     1     1     1    1    1    1  1.16924E+06 1.00000 
   44   44    1    1     1     1     1    1    1    1  3.36794E+06 1.00000 
   45   45    1    1     1     1     1    1    1    1  8.07039E+06 0.57929 
   46   46    1    1     1     1     1    1    1    1  1.66362E+07 0.40930 
   47   47    1    1     1     1     1    1    1    1  4.96659E+07 0.31524 
   48   48    1    1     1     1     1    1    1    1  7.16804E+07 0.34139 
   49   49    1    1     1     1     1    1    1    1  4.16822E+07 0.42950 
   50   50    1    1     1     1     1    1    1    1  0.00000E+00 0.00000 
   51   51    1    1     1     1     1    1    1    1  9.13334E+07 0.43442 
   52   52    1    1     1     1     1    1    1    1  6.90363E+07 0.42804 
   53   53    1    1     1     1     1    1    1    1  1.16013E+08 0.33473 
   54   54    1    1     1     1     1    1    1    1  2.86430E+08 0.27320 
   55   55    1    1     1     1     1    1    1    1  3.72417E+08 0.21973 
   56   56    1    1     1     1     1    1    1    1  3.82969E+08 0.40816 
   57   57    1    1     1     1     1    1    1    1  2.52889E+08 0.30337 
   58   58    1    1     1     1     1    1    1    1  2.63663E+08 0.24379 
   59   59    1    1     1     1     1    1    1    1  4.39610E+08 0.25718 
   60   60    1    1     1     1     1    1    1    1  3.21084E+08 0.20578 
   61   61    1    1     1     1     1    1    1    1  3.21958E+08 0.57727 
   62   62    1    1     1     1     1    1    1    1  3.56154E+08 0.17087 
   63   63    1    1     1     1     1    1    1    1  3.98416E+08 0.19458 
   64   64    1    1     1     1     1    1    1    1  4.37882E+08 0.18816 
   65   65    1    1     1     1     1    1    1    1  3.16711E+08 0.16463 
   66   66    1    1     1     1     1    1    1    1  3.40210E+08 0.24385 
   67   67    1    1     1     1     1    1    1    1  2.70314E+08 0.20762 
   68   68    1    1     1     1     1    1    1    1  3.40111E+08 0.27109 
   69   69    1    1     1     1     1    1    1    1  2.39555E+08 0.19900 
   70   70    1    1     1     1     1    1    1    1  8.46627E+07 0.16490 
   71   71    1    1     1     1     1    1    1    1  1.10448E+08 0.16427 
   72   72    1    1     1     1     1    1    1    1  1.04057E+08 0.23876 
   73   73    1    1     1     1     1    1    1    1  8.88454E+07 0.21750 
   74   74    1    1     1     1     1    1    1    1  4.51677E+08 0.17662 
   75   75    1    1     1     1     1    1    1    1  2.06353E+08 0.15971 
   76   76    1    1     1     1     1    1    1    1  1.88463E+08 0.14989 
   77   77    1    1     1     1     1    1    1    1  7.03454E+08 0.12213 
   78   78    1    1     1     1     1    1    1    1  8.17268E+08 0.16738 
   79   79    1    1     1     1     1    1    1    1  1.03040E+09 0.14169 
   80   80    1    1     1     1     1    1    1    1  6.40137E+08 0.15647 
   81   81    1    1     1     1     1    1    1    1  2.75751E+08 0.14483 
   82   82    1    1     1     1     1    1    1    1  6.92898E+08 0.09966 
   83   83    1    1     1     1     1    1    1    1  9.34186E+08 0.12018 
   84   84    1    1     1     1     1    1    1    1  3.73148E+08 0.09597 
   85   85    1    1     1     1     1    1    1    1  1.37639E+09 0.09052 
   86   86    1    1     1     1     1    1    1    1  1.08518E+09 0.12467 
   87   87    1    1     1     1     1    1    1    1  1.08539E+09 0.09852 
   88   88    1    1     1     1     1    1    1    1  1.19079E+09 0.09243 
   89   89    1    1     1     1     1    1    1    1  9.33357E+08 0.08013 
   90   90    1    1     1     1     1    1    1    1  3.43080E+09 0.06602 
   91   91    1    1     1     1     1    1    1    1  3.66216E+09 0.05905 
   92   92    1    1     1     1     1    1    1    1  4.39801E+09 0.07942 
   93   93    1    1     1     1     1    1    1    1  3.28496E+09 0.08663 
   94   94    1    1     1     1     1    1    1    1  2.58460E+09 0.06519 
   95   95    1    1     1     1     1    1    1    1  1.71626E+09 0.06839 
   96   96    1    1     1     1     1    1    1    1  2.48483E+09 0.07248 
   97   97    1    1     1     1     1    1    1    1  2.25190E+09 0.05119 
   98   98    1    1     1     1     1    1    1    1  4.32033E+09 0.06334 
   99   99    1    1     1     1     1    1    1    1  4.52381E+09 0.06444 
  100  100    1    1     1     1     1    1    1    1  5.19974E+09 0.04844 
  101  101    1    1     1     1     1    1    1    1  5.22358E+09 0.04401 
  102  102    1    1     1     1     1    1    1    1  6.10987E+09 0.07301 
  103  103    1    1     1     1     1    1    1    1  5.20442E+09 0.04857 
  104  104    1    1     1     1     1    1    1    1  9.95074E+09 0.05114 
  105  105    1    1     1     1     1    1    1    1  7.46661E+09 0.03922 
