
DETspecTot = [
    1    1    1    1     1     1     1    1    1    1  0.00000E+00 0.00000 
    2    2    1    1     1     1     1    1    1    1  0.00000E+00 0.00000 
    3    3    1    1     1     1     1    1    1    1  0.00000E+00 0.00000 
    4    4    1    1     1     1     1    1    1    1  0.00000E+00 0.00000 
    5    5    1    1     1     1     1    1    1    1  0.00000E+00 0.00000 
    6    6    1    1     1     1     1    1    1    1  0.00000E+00 0.00000 
    7    7    1    1     1     1     1    1    1    1  0.00000E+00 0.00000 
    8    8    1    1     1     1     1    1    1    1  0.00000E+00 0.00000 
    9    9    1    1     1     1     1    1    1    1  0.00000E+00 0.00000 
   10   10    1    1     1     1     1    1    1    1  0.00000E+00 0.00000 
   11   11    1    1     1     1     1    1    1    1  2.07854E+05 1.00000 
   12   12    1    1     1     1     1    1    1    1  2.07712E+05 1.00000 
   13   13    1    1     1     1     1    1    1    1  0.00000E+00 0.00000 
   14   14    1    1     1     1     1    1    1    1  1.05072E+06 1.00000 
   15   15    1    1     1     1     1    1    1    1  0.00000E+00 0.00000 
   16   16    1    1     1     1     1    1    1    1  4.96332E+05 1.00000 
   17   17    1    1     1     1     1    1    1    1  0.00000E+00 0.00000 
   18   18    1    1     1     1     1    1    1    1  5.93008E+05 1.00000 
   19   19    1    1     1     1     1    1    1    1  1.15669E+06 0.70801 
   20   20    1    1     1     1     1    1    1    1  1.14343E+06 0.70904 
   21   21    1    1     1     1     1    1    1    1  6.24853E+05 0.70719 
   22   22    1    1     1     1     1    1    1    1  0.00000E+00 0.00000 
   23   23    1    1     1     1     1    1    1    1  4.94932E+05 1.00000 
   24   24    1    1     1     1     1    1    1    1  3.02284E+06 0.58256 
   25   25    1    1     1     1     1    1    1    1  0.00000E+00 0.00000 
   26   26    1    1     1     1     1    1    1    1  7.68343E+06 0.70704 
   27   27    1    1     1     1     1    1    1    1  3.74429E+06 0.70720 
   28   28    1    1     1     1     1    1    1    1  2.43029E+06 1.00000 
   29   29    1    1     1     1     1    1    1    1  1.60278E+07 1.00000 
   30   30    1    1     1     1     1    1    1    1  1.34316E+07 0.43308 
   31   31    1    1     1     1     1    1    1    1  7.38655E+06 0.70708 
   32   32    1    1     1     1     1    1    1    1  1.97802E+07 0.70706 
   33   33    1    1     1     1     1    1    1    1  1.11969E+07 0.62063 
   34   34    1    1     1     1     1    1    1    1  8.15562E+06 0.75109 
   35   35    1    1     1     1     1    1    1    1  3.31639E+07 0.74373 
   36   36    1    1     1     1     1    1    1    1  3.40025E+06 1.00000 
   37   37    1    1     1     1     1    1    1    1  0.00000E+00 0.00000 
   38   38    1    1     1     1     1    1    1    1  0.00000E+00 0.00000 
   39   39    1    1     1     1     1    1    1    1  4.42039E+06 0.50295 
   40   40    1    1     1     1     1    1    1    1  0.00000E+00 0.00000 
   41   41    1    1     1     1     1    1    1    1  1.81327E+06 1.00000 
   42   42    1    1     1     1     1    1    1    1  0.00000E+00 0.00000 
   43   43    1    1     1     1     1    1    1    1  4.29068E+06 0.57789 
   44   44    1    1     1     1     1    1    1    1  3.88342E+06 1.00000 
   45   45    1    1     1     1     1    1    1    1  6.33346E+06 0.71756 
   46   46    1    1     1     1     1    1    1    1  2.86321E+07 0.33436 
   47   47    1    1     1     1     1    1    1    1  2.28522E+07 0.46794 
   48   48    1    1     1     1     1    1    1    1  6.47206E+07 0.37648 
   49   49    1    1     1     1     1    1    1    1  6.41838E+07 0.34937 
   50   50    1    1     1     1     1    1    1    1  0.00000E+00 0.00000 
   51   51    1    1     1     1     1    1    1    1  9.12610E+07 0.31126 
   52   52    1    1     1     1     1    1    1    1  1.61516E+08 0.29984 
   53   53    1    1     1     1     1    1    1    1  2.18209E+08 0.31755 
   54   54    1    1     1     1     1    1    1    1  2.10731E+08 0.24915 
   55   55    1    1     1     1     1    1    1    1  2.63115E+08 0.25696 
   56   56    1    1     1     1     1    1    1    1  3.59021E+08 0.47399 
   57   57    1    1     1     1     1    1    1    1  2.14662E+08 0.32641 
   58   58    1    1     1     1     1    1    1    1  2.88042E+08 0.30340 
   59   59    1    1     1     1     1    1    1    1  2.85235E+08 0.25815 
   60   60    1    1     1     1     1    1    1    1  2.59197E+08 0.22203 
   61   61    1    1     1     1     1    1    1    1  3.00613E+08 0.57739 
   62   62    1    1     1     1     1    1    1    1  2.35265E+08 0.20196 
   63   63    1    1     1     1     1    1    1    1  2.52235E+08 0.25760 
   64   64    1    1     1     1     1    1    1    1  3.14785E+08 0.21195 
   65   65    1    1     1     1     1    1    1    1  3.91163E+08 0.15959 
   66   66    1    1     1     1     1    1    1    1  3.84212E+08 0.26512 
   67   67    1    1     1     1     1    1    1    1  1.96255E+08 0.26923 
   68   68    1    1     1     1     1    1    1    1  1.18710E+08 0.34633 
   69   69    1    1     1     1     1    1    1    1  1.28874E+08 0.26439 
   70   70    1    1     1     1     1    1    1    1  4.45462E+07 0.26357 
   71   71    1    1     1     1     1    1    1    1  7.68928E+07 0.20317 
   72   72    1    1     1     1     1    1    1    1  1.17837E+08 0.21758 
   73   73    1    1     1     1     1    1    1    1  4.74341E+07 0.24119 
   74   74    1    1     1     1     1    1    1    1  3.18555E+08 0.19464 
   75   75    1    1     1     1     1    1    1    1  1.67283E+08 0.17724 
   76   76    1    1     1     1     1    1    1    1  1.23752E+08 0.19810 
   77   77    1    1     1     1     1    1    1    1  3.18177E+08 0.15903 
   78   78    1    1     1     1     1    1    1    1  3.40538E+08 0.25059 
   79   79    1    1     1     1     1    1    1    1  5.24251E+08 0.17828 
   80   80    1    1     1     1     1    1    1    1  2.92174E+08 0.21249 
   81   81    1    1     1     1     1    1    1    1  1.35310E+08 0.18844 
   82   82    1    1     1     1     1    1    1    1  4.37934E+08 0.12026 
   83   83    1    1     1     1     1    1    1    1  6.66997E+08 0.13409 
   84   84    1    1     1     1     1    1    1    1  2.66082E+08 0.12276 
   85   85    1    1     1     1     1    1    1    1  6.42984E+08 0.11807 
   86   86    1    1     1     1     1    1    1    1  6.94798E+08 0.14454 
   87   87    1    1     1     1     1    1    1    1  5.99335E+08 0.12777 
   88   88    1    1     1     1     1    1    1    1  5.58523E+08 0.11320 
   89   89    1    1     1     1     1    1    1    1  5.23992E+08 0.10062 
   90   90    1    1     1     1     1    1    1    1  1.80586E+09 0.08580 
   91   91    1    1     1     1     1    1    1    1  1.97283E+09 0.07506 
   92   92    1    1     1     1     1    1    1    1  2.50577E+09 0.11148 
   93   93    1    1     1     1     1    1    1    1  2.08616E+09 0.11799 
   94   94    1    1     1     1     1    1    1    1  1.51979E+09 0.08057 
   95   95    1    1     1     1     1    1    1    1  8.74547E+08 0.08563 
   96   96    1    1     1     1     1    1    1    1  1.53108E+09 0.08754 
   97   97    1    1     1     1     1    1    1    1  1.41529E+09 0.06417 
   98   98    1    1     1     1     1    1    1    1  2.62865E+09 0.08106 
   99   99    1    1     1     1     1    1    1    1  2.62959E+09 0.08438 
  100  100    1    1     1     1     1    1    1    1  3.00302E+09 0.06240 
  101  101    1    1     1     1     1    1    1    1  3.42381E+09 0.05207 
  102  102    1    1     1     1     1    1    1    1  4.99937E+09 0.08519 
  103  103    1    1     1     1     1    1    1    1  3.71323E+09 0.05626 
  104  104    1    1     1     1     1    1    1    1  6.79695E+09 0.06252 
  105  105    1    1     1     1     1    1    1    1  5.83489E+09 0.04382 
