
DETspecTot = [
    1    1    1    1     1     1     1    1    1    1  0.00000E+00 0.00000 
    2    2    1    1     1     1     1    1    1    1  0.00000E+00 0.00000 
    3    3    1    1     1     1     1    1    1    1  0.00000E+00 0.00000 
    4    4    1    1     1     1     1    1    1    1  0.00000E+00 0.00000 
    5    5    1    1     1     1     1    1    1    1  0.00000E+00 0.00000 
    6    6    1    1     1     1     1    1    1    1  0.00000E+00 0.00000 
    7    7    1    1     1     1     1    1    1    1  0.00000E+00 0.00000 
    8    8    1    1     1     1     1    1    1    1  0.00000E+00 0.00000 
    9    9    1    1     1     1     1    1    1    1  0.00000E+00 0.00000 
   10   10    1    1     1     1     1    1    1    1  0.00000E+00 0.00000 
   11   11    1    1     1     1     1    1    1    1  0.00000E+00 0.00000 
   12   12    1    1     1     1     1    1    1    1  0.00000E+00 0.00000 
   13   13    1    1     1     1     1    1    1    1  0.00000E+00 0.00000 
   14   14    1    1     1     1     1    1    1    1  0.00000E+00 0.00000 
   15   15    1    1     1     1     1    1    1    1  0.00000E+00 0.00000 
   16   16    1    1     1     1     1    1    1    1  0.00000E+00 0.00000 
   17   17    1    1     1     1     1    1    1    1  0.00000E+00 0.00000 
   18   18    1    1     1     1     1    1    1    1  0.00000E+00 0.00000 
   19   19    1    1     1     1     1    1    1    1  0.00000E+00 0.00000 
   20   20    1    1     1     1     1    1    1    1  0.00000E+00 0.00000 
   21   21    1    1     1     1     1    1    1    1  0.00000E+00 0.00000 
   22   22    1    1     1     1     1    1    1    1  0.00000E+00 0.00000 
   23   23    1    1     1     1     1    1    1    1  0.00000E+00 0.00000 
   24   24    1    1     1     1     1    1    1    1  1.63042E+06 1.00000 
   25   25    1    1     1     1     1    1    1    1  0.00000E+00 0.00000 
   26   26    1    1     1     1     1    1    1    1  0.00000E+00 0.00000 
   27   27    1    1     1     1     1    1    1    1  0.00000E+00 0.00000 
   28   28    1    1     1     1     1    1    1    1  2.68365E+06 1.00000 
   29   29    1    1     1     1     1    1    1    1  1.63264E+07 1.00000 
   30   30    1    1     1     1     1    1    1    1  1.78385E+06 1.00000 
   31   31    1    1     1     1     1    1    1    1  3.15077E+06 1.00000 
   32   32    1    1     1     1     1    1    1    1  0.00000E+00 0.00000 
   33   33    1    1     1     1     1    1    1    1  0.00000E+00 0.00000 
   34   34    1    1     1     1     1    1    1    1  0.00000E+00 0.00000 
   35   35    1    1     1     1     1    1    1    1  1.48292E+07 1.00000 
   36   36    1    1     1     1     1    1    1    1  9.52777E+06 0.70706 
   37   37    1    1     1     1     1    1    1    1  4.77004E+06 1.00000 
   38   38    1    1     1     1     1    1    1    1  0.00000E+00 0.00000 
   39   39    1    1     1     1     1    1    1    1  0.00000E+00 0.00000 
   40   40    1    1     1     1     1    1    1    1  7.13110E+06 1.00000 
   41   41    1    1     1     1     1    1    1    1  0.00000E+00 0.00000 
   42   42    1    1     1     1     1    1    1    1  0.00000E+00 0.00000 
   43   43    1    1     1     1     1    1    1    1  0.00000E+00 0.00000 
   44   44    1    1     1     1     1    1    1    1  1.56617E+07 1.00000 
   45   45    1    1     1     1     1    1    1    1  5.51846E+06 1.00000 
   46   46    1    1     1     1     1    1    1    1  9.67473E+06 0.71058 
   47   47    1    1     1     1     1    1    1    1  2.22630E+07 0.79093 
   48   48    1    1     1     1     1    1    1    1  1.41237E+07 1.00000 
   49   49    1    1     1     1     1    1    1    1  0.00000E+00 0.00000 
   50   50    1    1     1     1     1    1    1    1  0.00000E+00 0.00000 
   51   51    1    1     1     1     1    1    1    1  0.00000E+00 0.00000 
   52   52    1    1     1     1     1    1    1    1  0.00000E+00 0.00000 
   53   53    1    1     1     1     1    1    1    1  0.00000E+00 0.00000 
   54   54    1    1     1     1     1    1    1    1  0.00000E+00 0.00000 
   55   55    1    1     1     1     1    1    1    1  0.00000E+00 0.00000 
   56   56    1    1     1     1     1    1    1    1  0.00000E+00 0.00000 
   57   57    1    1     1     1     1    1    1    1  0.00000E+00 0.00000 
   58   58    1    1     1     1     1    1    1    1  0.00000E+00 0.00000 
   59   59    1    1     1     1     1    1    1    1  0.00000E+00 0.00000 
   60   60    1    1     1     1     1    1    1    1  4.08373E+06 1.00000 
   61   61    1    1     1     1     1    1    1    1  0.00000E+00 0.00000 
   62   62    1    1     1     1     1    1    1    1  4.58740E+07 0.73816 
   63   63    1    1     1     1     1    1    1    1  1.96669E+07 0.82517 
   64   64    1    1     1     1     1    1    1    1  4.42895E+07 0.80170 
   65   65    1    1     1     1     1    1    1    1  1.52681E+07 0.72165 
   66   66    1    1     1     1     1    1    1    1  0.00000E+00 0.00000 
   67   67    1    1     1     1     1    1    1    1  5.31309E+07 0.71861 
   68   68    1    1     1     1     1    1    1    1  1.01446E+07 1.00000 
   69   69    1    1     1     1     1    1    1    1  1.16284E+07 0.78516 
   70   70    1    1     1     1     1    1    1    1  3.54401E+06 1.00000 
   71   71    1    1     1     1     1    1    1    1  0.00000E+00 0.00000 
   72   72    1    1     1     1     1    1    1    1  0.00000E+00 0.00000 
   73   73    1    1     1     1     1    1    1    1  0.00000E+00 0.00000 
   74   74    1    1     1     1     1    1    1    1  7.29223E+06 0.71130 
   75   75    1    1     1     1     1    1    1    1  1.67803E+07 1.00000 
   76   76    1    1     1     1     1    1    1    1  0.00000E+00 0.00000 
   77   77    1    1     1     1     1    1    1    1  0.00000E+00 0.00000 
   78   78    1    1     1     1     1    1    1    1  1.46217E+07 0.70768 
   79   79    1    1     1     1     1    1    1    1  2.45187E+07 0.52901 
   80   80    1    1     1     1     1    1    1    1  6.18225E+06 1.00000 
   81   81    1    1     1     1     1    1    1    1  7.95156E+06 1.00000 
   82   82    1    1     1     1     1    1    1    1  9.34349E+06 0.58966 
   83   83    1    1     1     1     1    1    1    1  3.74045E+07 0.45776 
   84   84    1    1     1     1     1    1    1    1  3.18444E+07 0.46565 
   85   85    1    1     1     1     1    1    1    1  2.90922E+06 1.00000 
   86   86    1    1     1     1     1    1    1    1  3.12918E+07 0.50324 
   87   87    1    1     1     1     1    1    1    1  4.66447E+07 0.47096 
   88   88    1    1     1     1     1    1    1    1  4.83244E+06 1.00000 
   89   89    1    1     1     1     1    1    1    1  1.34427E+07 0.56328 
   90   90    1    1     1     1     1    1    1    1  5.85112E+07 0.32847 
   91   91    1    1     1     1     1    1    1    1  8.61650E+07 0.28192 
   92   92    1    1     1     1     1    1    1    1  6.99918E+07 0.62005 
   93   93    1    1     1     1     1    1    1    1  7.90393E+07 0.39435 
   94   94    1    1     1     1     1    1    1    1  3.37077E+07 0.46220 
   95   95    1    1     1     1     1    1    1    1  2.15029E+07 0.30091 
   96   96    1    1     1     1     1    1    1    1  6.45566E+07 0.36984 
   97   97    1    1     1     1     1    1    1    1  7.23627E+07 0.24934 
   98   98    1    1     1     1     1    1    1    1  1.40708E+08 0.28918 
   99   99    1    1     1     1     1    1    1    1  9.11650E+07 0.30449 
  100  100    1    1     1     1     1    1    1    1  1.20783E+08 0.21829 
  101  101    1    1     1     1     1    1    1    1  1.84598E+08 0.21465 
  102  102    1    1     1     1     1    1    1    1  3.36801E+08 0.29267 
  103  103    1    1     1     1     1    1    1    1  1.40425E+08 0.22910 
  104  104    1    1     1     1     1    1    1    1  2.37738E+08 0.27085 
  105  105    1    1     1     1     1    1    1    1  2.91005E+08 0.18000 
