
ZAI = [
666
0
];

NAMES = [
'lost            '
'total           '
];

iLOST    = 1;
iTOT     = 2;

MAT_LiCl_Np237_Cm244Cl3_VOLUME = [ 1.00000E+00 1.00000E+00 1.00000E+00 1.00000E+00 1.00000E+00 1.00000E+00 1.00000E+00 1.00000E+00 1.00000E+00 1.00000E+00 1.00000E+00 1.00000E+00 ];

MAT_LiCl_Np237_Cm244Cl3_BURNUP = [ 0.00000E+00 5.00020E+00 1.00004E+01 2.00008E+01 3.00011E+01 4.00014E+01 5.00017E+01 6.00020E+01 7.00023E+01 8.00025E+01 9.00027E+01 1.00003E+02 ];

MAT_LiCl_Np237_Cm244Cl3_ADENS = [
0.00000E+00 2.49289E-14 5.05750E-14 1.03989E-13 1.60176E-13 2.19077E-13 2.80661E-13 3.44917E-13 4.11853E-13 4.81477E-13 5.53818E-13 6.28913E-13 % lost data
3.82312E-02 3.83087E-02 3.83847E-02 3.85323E-02 3.86743E-02 3.88111E-02 3.89431E-02 3.90705E-02 3.91938E-02 3.93133E-02 3.94292E-02 3.95417E-02 % total
];

MAT_LiCl_Np237_Cm244Cl3_MDENS = [
0.00000E+00 0.00000E+00 0.00000E+00 0.00000E+00 0.00000E+00 0.00000E+00 0.00000E+00 0.00000E+00 0.00000E+00 0.00000E+00 0.00000E+00 0.00000E+00 % lost data
3.31760E+00 3.31755E+00 3.31750E+00 3.31741E+00 3.31732E+00 3.31724E+00 3.31715E+00 3.31707E+00 3.31700E+00 3.31692E+00 3.31685E+00 3.31678E+00 % total
];

MAT_LiCl_Np237_Cm244Cl3_A = [
0.00000E+00 0.00000E+00 0.00000E+00 0.00000E+00 0.00000E+00 0.00000E+00 0.00000E+00 0.00000E+00 0.00000E+00 0.00000E+00 0.00000E+00 0.00000E+00 % lost data
2.31844E+12 8.87767E+12 8.89210E+12 8.83749E+12 8.77148E+12 8.70073E+12 8.63012E+12 8.56262E+12 8.49820E+12 8.43766E+12 8.38099E+12 8.32757E+12 % total
];

MAT_LiCl_Np237_Cm244Cl3_H = [
0.00000E+00 0.00000E+00 0.00000E+00 0.00000E+00 0.00000E+00 0.00000E+00 0.00000E+00 0.00000E+00 0.00000E+00 0.00000E+00 0.00000E+00 0.00000E+00 % lost data
2.19198E+00 4.07457E+00 4.01733E+00 3.89836E+00 3.78685E+00 3.68177E+00 3.58317E+00 3.49100E+00 3.40483E+00 3.32438E+00 3.24932E+00 3.17922E+00 % total
];

MAT_LiCl_Np237_Cm244Cl3_SF = [
0.00000E+00 0.00000E+00 0.00000E+00 0.00000E+00 0.00000E+00 0.00000E+00 0.00000E+00 0.00000E+00 0.00000E+00 0.00000E+00 0.00000E+00 0.00000E+00 % lost data
3.19941E+06 3.08874E+06 2.98175E+06 2.77840E+06 2.58849E+06 2.41120E+06 2.24575E+06 2.09140E+06 1.94744E+06 1.81322E+06 1.68809E+06 1.57146E+06 % total
];

MAT_LiCl_Np237_Cm244Cl3_GSRC = [
0.00000E+00 0.00000E+00 0.00000E+00 0.00000E+00 0.00000E+00 0.00000E+00 0.00000E+00 0.00000E+00 0.00000E+00 0.00000E+00 0.00000E+00 0.00000E+00 % lost data
2.66353E+11 8.64214E+12 8.67622E+12 8.70195E+12 8.73330E+12 8.76010E+12 8.78241E+12 8.80177E+12 8.81785E+12 8.83159E+12 8.84329E+12 8.85264E+12 % total
];

MAT_LiCl_Np237_Cm244Cl3_ING_TOX = [
0.00000E+00 0.00000E+00 0.00000E+00 0.00000E+00 0.00000E+00 0.00000E+00 0.00000E+00 0.00000E+00 0.00000E+00 0.00000E+00 0.00000E+00 0.00000E+00 % lost data
2.78212E+05 2.73093E+05 2.65026E+05 2.49584E+05 2.35156E+05 2.21715E+05 2.09207E+05 1.97575E+05 1.86759E+05 1.76701E+05 1.67349E+05 1.58652E+05 % total
];

MAT_LiCl_Np237_Cm244Cl3_INH_TOX = [
0.00000E+00 0.00000E+00 0.00000E+00 0.00000E+00 0.00000E+00 0.00000E+00 0.00000E+00 0.00000E+00 0.00000E+00 0.00000E+00 0.00000E+00 0.00000E+00 % lost data
1.32151E+08 1.28093E+08 1.24179E+08 1.16760E+08 1.09858E+08 1.03440E+08 9.74711E+07 9.19214E+07 8.67611E+07 8.19626E+07 7.75005E+07 7.33503E+07 % total
];

TOT_VOLUME = [ 1.00000E+00 1.00000E+00 1.00000E+00 1.00000E+00 1.00000E+00 1.00000E+00 1.00000E+00 1.00000E+00 1.00000E+00 1.00000E+00 1.00000E+00 1.00000E+00 ];

TOT_BURNUP = [ 0.00000E+00 5.00020E+00 1.00004E+01 2.00008E+01 3.00011E+01 4.00014E+01 5.00017E+01 6.00020E+01 7.00023E+01 8.00025E+01 9.00027E+01 1.00003E+02 ];

TOT_ADENS = [
0.00000E+00 2.49289E-14 5.05750E-14 1.03989E-13 1.60176E-13 2.19077E-13 2.80661E-13 3.44917E-13 4.11853E-13 4.81477E-13 5.53818E-13 6.28913E-13 % lost data
3.82312E-02 3.83087E-02 3.83847E-02 3.85323E-02 3.86743E-02 3.88111E-02 3.89431E-02 3.90705E-02 3.91938E-02 3.93133E-02 3.94292E-02 3.95417E-02 % total
];

TOT_MASS = [
0.00000E+00 0.00000E+00 0.00000E+00 0.00000E+00 0.00000E+00 0.00000E+00 0.00000E+00 0.00000E+00 0.00000E+00 0.00000E+00 0.00000E+00 0.00000E+00 % lost data
3.31760E+00 3.31755E+00 3.31750E+00 3.31741E+00 3.31732E+00 3.31724E+00 3.31715E+00 3.31707E+00 3.31700E+00 3.31692E+00 3.31685E+00 3.31678E+00 % total
];

TOT_A = [
0.00000E+00 0.00000E+00 0.00000E+00 0.00000E+00 0.00000E+00 0.00000E+00 0.00000E+00 0.00000E+00 0.00000E+00 0.00000E+00 0.00000E+00 0.00000E+00 % lost data
2.31844E+12 8.87767E+12 8.89210E+12 8.83749E+12 8.77148E+12 8.70073E+12 8.63012E+12 8.56262E+12 8.49820E+12 8.43766E+12 8.38099E+12 8.32757E+12 % total
];

TOT_H = [
0.00000E+00 0.00000E+00 0.00000E+00 0.00000E+00 0.00000E+00 0.00000E+00 0.00000E+00 0.00000E+00 0.00000E+00 0.00000E+00 0.00000E+00 0.00000E+00 % lost data
2.19198E+00 4.07457E+00 4.01733E+00 3.89836E+00 3.78685E+00 3.68177E+00 3.58317E+00 3.49100E+00 3.40483E+00 3.32438E+00 3.24932E+00 3.17922E+00 % total
];

TOT_SF = [
0.00000E+00 0.00000E+00 0.00000E+00 0.00000E+00 0.00000E+00 0.00000E+00 0.00000E+00 0.00000E+00 0.00000E+00 0.00000E+00 0.00000E+00 0.00000E+00 % lost data
3.19941E+06 3.08874E+06 2.98175E+06 2.77840E+06 2.58849E+06 2.41120E+06 2.24575E+06 2.09140E+06 1.94744E+06 1.81322E+06 1.68809E+06 1.57146E+06 % total
];

TOT_GSRC = [
0.00000E+00 0.00000E+00 0.00000E+00 0.00000E+00 0.00000E+00 0.00000E+00 0.00000E+00 0.00000E+00 0.00000E+00 0.00000E+00 0.00000E+00 0.00000E+00 % lost data
2.66353E+11 8.64214E+12 8.67622E+12 8.70195E+12 8.73330E+12 8.76010E+12 8.78241E+12 8.80177E+12 8.81785E+12 8.83159E+12 8.84329E+12 8.85264E+12 % total
];

TOT_ING_TOX = [
0.00000E+00 0.00000E+00 0.00000E+00 0.00000E+00 0.00000E+00 0.00000E+00 0.00000E+00 0.00000E+00 0.00000E+00 0.00000E+00 0.00000E+00 0.00000E+00 % lost data
2.78212E+05 2.73093E+05 2.65026E+05 2.49584E+05 2.35156E+05 2.21715E+05 2.09207E+05 1.97575E+05 1.86759E+05 1.76701E+05 1.67349E+05 1.58652E+05 % total
];

TOT_INH_TOX = [
0.00000E+00 0.00000E+00 0.00000E+00 0.00000E+00 0.00000E+00 0.00000E+00 0.00000E+00 0.00000E+00 0.00000E+00 0.00000E+00 0.00000E+00 0.00000E+00 % lost data
1.32151E+08 1.28093E+08 1.24179E+08 1.16760E+08 1.09858E+08 1.03440E+08 9.74711E+07 9.19214E+07 8.67611E+07 8.19626E+07 7.75005E+07 7.33503E+07 % total
];

BU = [ 0.00000E+00 5.00000E+00 1.00000E+01 2.00000E+01 3.00000E+01 4.00000E+01 5.00000E+01 6.00000E+01 7.00000E+01 8.00000E+01 9.00000E+01 1.00000E+02 ];

DAYS = [ 0.00000E+00 2.50000E+02 5.00000E+02 1.00000E+03 1.50000E+03 2.00000E+03 2.50000E+03 3.00000E+03 3.50000E+03 4.00000E+03 4.50000E+03 5.00000E+03 ];
