
DETspecTot = [
    1    1    1    1     1     1     1    1    1    1  0.00000E+00 0.00000 
    2    2    1    1     1     1     1    1    1    1  0.00000E+00 0.00000 
    3    3    1    1     1     1     1    1    1    1  0.00000E+00 0.00000 
    4    4    1    1     1     1     1    1    1    1  0.00000E+00 0.00000 
    5    5    1    1     1     1     1    1    1    1  0.00000E+00 0.00000 
    6    6    1    1     1     1     1    1    1    1  0.00000E+00 0.00000 
    7    7    1    1     1     1     1    1    1    1  0.00000E+00 0.00000 
    8    8    1    1     1     1     1    1    1    1  0.00000E+00 0.00000 
    9    9    1    1     1     1     1    1    1    1  0.00000E+00 0.00000 
   10   10    1    1     1     1     1    1    1    1  0.00000E+00 0.00000 
   11   11    1    1     1     1     1    1    1    1  0.00000E+00 0.00000 
   12   12    1    1     1     1     1    1    1    1  0.00000E+00 0.00000 
   13   13    1    1     1     1     1    1    1    1  0.00000E+00 0.00000 
   14   14    1    1     1     1     1    1    1    1  0.00000E+00 0.00000 
   15   15    1    1     1     1     1    1    1    1  0.00000E+00 0.00000 
   16   16    1    1     1     1     1    1    1    1  0.00000E+00 0.00000 
   17   17    1    1     1     1     1    1    1    1  2.56592E+05 1.00000 
   18   18    1    1     1     1     1    1    1    1  2.92496E+05 1.00000 
   19   19    1    1     1     1     1    1    1    1  3.13674E+05 1.00000 
   20   20    1    1     1     1     1    1    1    1  0.00000E+00 0.00000 
   21   21    1    1     1     1     1    1    1    1  0.00000E+00 0.00000 
   22   22    1    1     1     1     1    1    1    1  0.00000E+00 0.00000 
   23   23    1    1     1     1     1    1    1    1  0.00000E+00 0.00000 
   24   24    1    1     1     1     1    1    1    1  0.00000E+00 0.00000 
   25   25    1    1     1     1     1    1    1    1  0.00000E+00 0.00000 
   26   26    1    1     1     1     1    1    1    1  0.00000E+00 0.00000 
   27   27    1    1     1     1     1    1    1    1  5.22439E+05 1.00000 
   28   28    1    1     1     1     1    1    1    1  0.00000E+00 0.00000 
   29   29    1    1     1     1     1    1    1    1  0.00000E+00 0.00000 
   30   30    1    1     1     1     1    1    1    1  0.00000E+00 0.00000 
   31   31    1    1     1     1     1    1    1    1  0.00000E+00 0.00000 
   32   32    1    1     1     1     1    1    1    1  0.00000E+00 0.00000 
   33   33    1    1     1     1     1    1    1    1  0.00000E+00 0.00000 
   34   34    1    1     1     1     1    1    1    1  1.49178E+06 1.00000 
   35   35    1    1     1     1     1    1    1    1  0.00000E+00 0.00000 
   36   36    1    1     1     1     1    1    1    1  2.09919E+06 1.00000 
   37   37    1    1     1     1     1    1    1    1  0.00000E+00 0.00000 
   38   38    1    1     1     1     1    1    1    1  0.00000E+00 0.00000 
   39   39    1    1     1     1     1    1    1    1  0.00000E+00 0.00000 
   40   40    1    1     1     1     1    1    1    1  0.00000E+00 0.00000 
   41   41    1    1     1     1     1    1    1    1  0.00000E+00 0.00000 
   42   42    1    1     1     1     1    1    1    1  0.00000E+00 0.00000 
   43   43    1    1     1     1     1    1    1    1  0.00000E+00 0.00000 
   44   44    1    1     1     1     1    1    1    1  0.00000E+00 0.00000 
   45   45    1    1     1     1     1    1    1    1  0.00000E+00 0.00000 
   46   46    1    1     1     1     1    1    1    1  0.00000E+00 0.00000 
   47   47    1    1     1     1     1    1    1    1  2.84573E+05 0.70712 
   48   48    1    1     1     1     1    1    1    1  2.02884E+05 1.00000 
   49   49    1    1     1     1     1    1    1    1  2.21641E+05 1.00000 
   50   50    1    1     1     1     1    1    1    1  0.00000E+00 0.00000 
   51   51    1    1     1     1     1    1    1    1  4.62423E+05 1.00000 
   52   52    1    1     1     1     1    1    1    1  0.00000E+00 0.00000 
   53   53    1    1     1     1     1    1    1    1  4.96041E+06 0.70708 
   54   54    1    1     1     1     1    1    1    1  0.00000E+00 0.00000 
   55   55    1    1     1     1     1    1    1    1  0.00000E+00 0.00000 
   56   56    1    1     1     1     1    1    1    1  0.00000E+00 0.00000 
   57   57    1    1     1     1     1    1    1    1  1.19382E+06 1.00000 
   58   58    1    1     1     1     1    1    1    1  0.00000E+00 0.00000 
   59   59    1    1     1     1     1    1    1    1  0.00000E+00 0.00000 
   60   60    1    1     1     1     1    1    1    1  4.86403E+06 0.86720 
   61   61    1    1     1     1     1    1    1    1  0.00000E+00 0.00000 
   62   62    1    1     1     1     1    1    1    1  1.59747E+06 0.64818 
   63   63    1    1     1     1     1    1    1    1  8.99342E+06 0.68062 
   64   64    1    1     1     1     1    1    1    1  5.76660E+06 0.70726 
   65   65    1    1     1     1     1    1    1    1  7.58512E+06 0.47760 
   66   66    1    1     1     1     1    1    1    1  3.56087E+06 0.71087 
   67   67    1    1     1     1     1    1    1    1  1.00825E+07 0.50092 
   68   68    1    1     1     1     1    1    1    1  1.51108E+07 1.00000 
   69   69    1    1     1     1     1    1    1    1  1.27806E+06 1.00000 
   70   70    1    1     1     1     1    1    1    1  8.04112E+05 0.74246 
   71   71    1    1     1     1     1    1    1    1  9.16286E+06 0.56408 
   72   72    1    1     1     1     1    1    1    1  1.53198E+07 0.66857 
   73   73    1    1     1     1     1    1    1    1  9.38636E+06 0.53824 
   74   74    1    1     1     1     1    1    1    1  4.38446E+06 1.00000 
   75   75    1    1     1     1     1    1    1    1  9.17208E+06 0.75809 
   76   76    1    1     1     1     1    1    1    1  1.79150E+07 0.39268 
   77   77    1    1     1     1     1    1    1    1  4.18533E+07 0.36901 
   78   78    1    1     1     1     1    1    1    1  5.10690E+06 0.70757 
   79   79    1    1     1     1     1    1    1    1  1.60652E+07 0.39280 
   80   80    1    1     1     1     1    1    1    1  1.50382E+07 0.47492 
   81   81    1    1     1     1     1    1    1    1  1.19840E+07 0.31738 
   82   82    1    1     1     1     1    1    1    1  6.25733E+07 0.31855 
   83   83    1    1     1     1     1    1    1    1  5.58595E+07 0.31986 
   84   84    1    1     1     1     1    1    1    1  1.60037E+07 0.33254 
   85   85    1    1     1     1     1    1    1    1  2.46858E+07 0.26480 
   86   86    1    1     1     1     1    1    1    1  3.53999E+07 0.52822 
   87   87    1    1     1     1     1    1    1    1  3.53183E+07 0.33313 
   88   88    1    1     1     1     1    1    1    1  8.42222E+07 0.25416 
   89   89    1    1     1     1     1    1    1    1  8.29564E+07 0.22442 
   90   90    1    1     1     1     1    1    1    1  2.81595E+07 0.24716 
   91   91    1    1     1     1     1    1    1    1  8.01119E+07 0.24955 
   92   92    1    1     1     1     1    1    1    1  1.11379E+08 0.34539 
   93   93    1    1     1     1     1    1    1    1  5.87985E+07 0.32827 
   94   94    1    1     1     1     1    1    1    1  1.16843E+08 0.23173 
   95   95    1    1     1     1     1    1    1    1  8.46609E+07 0.28007 
   96   96    1    1     1     1     1    1    1    1  8.17241E+07 0.23655 
   97   97    1    1     1     1     1    1    1    1  1.29941E+08 0.16800 
   98   98    1    1     1     1     1    1    1    1  1.07989E+08 0.28545 
   99   99    1    1     1     1     1    1    1    1  2.19545E+08 0.21567 
  100  100    1    1     1     1     1    1    1    1  1.92421E+08 0.16033 
  101  101    1    1     1     1     1    1    1    1  2.01286E+08 0.19038 
  102  102    1    1     1     1     1    1    1    1  2.05043E+08 0.23120 
  103  103    1    1     1     1     1    1    1    1  2.14438E+08 0.14857 
  104  104    1    1     1     1     1    1    1    1  2.95040E+08 0.20232 
  105  105    1    1     1     1     1    1    1    1  3.84163E+08 0.14090 
