
DETspecTot = [
    1    1    1    1     1     1     1    1    1    1  0.00000E+00 0.00000 
    2    2    1    1     1     1     1    1    1    1  0.00000E+00 0.00000 
    3    3    1    1     1     1     1    1    1    1  0.00000E+00 0.00000 
    4    4    1    1     1     1     1    1    1    1  0.00000E+00 0.00000 
    5    5    1    1     1     1     1    1    1    1  0.00000E+00 0.00000 
    6    6    1    1     1     1     1    1    1    1  0.00000E+00 0.00000 
    7    7    1    1     1     1     1    1    1    1  0.00000E+00 0.00000 
    8    8    1    1     1     1     1    1    1    1  0.00000E+00 0.00000 
    9    9    1    1     1     1     1    1    1    1  0.00000E+00 0.00000 
   10   10    1    1     1     1     1    1    1    1  0.00000E+00 0.00000 
   11   11    1    1     1     1     1    1    1    1  0.00000E+00 0.00000 
   12   12    1    1     1     1     1    1    1    1  0.00000E+00 0.00000 
   13   13    1    1     1     1     1    1    1    1  0.00000E+00 0.00000 
   14   14    1    1     1     1     1    1    1    1  0.00000E+00 0.00000 
   15   15    1    1     1     1     1    1    1    1  0.00000E+00 0.00000 
   16   16    1    1     1     1     1    1    1    1  0.00000E+00 0.00000 
   17   17    1    1     1     1     1    1    1    1  0.00000E+00 0.00000 
   18   18    1    1     1     1     1    1    1    1  0.00000E+00 0.00000 
   19   19    1    1     1     1     1    1    1    1  0.00000E+00 0.00000 
   20   20    1    1     1     1     1    1    1    1  0.00000E+00 0.00000 
   21   21    1    1     1     1     1    1    1    1  0.00000E+00 0.00000 
   22   22    1    1     1     1     1    1    1    1  0.00000E+00 0.00000 
   23   23    1    1     1     1     1    1    1    1  0.00000E+00 0.00000 
   24   24    1    1     1     1     1    1    1    1  0.00000E+00 0.00000 
   25   25    1    1     1     1     1    1    1    1  0.00000E+00 0.00000 
   26   26    1    1     1     1     1    1    1    1  0.00000E+00 0.00000 
   27   27    1    1     1     1     1    1    1    1  0.00000E+00 0.00000 
   28   28    1    1     1     1     1    1    1    1  0.00000E+00 0.00000 
   29   29    1    1     1     1     1    1    1    1  0.00000E+00 0.00000 
   30   30    1    1     1     1     1    1    1    1  0.00000E+00 0.00000 
   31   31    1    1     1     1     1    1    1    1  0.00000E+00 0.00000 
   32   32    1    1     1     1     1    1    1    1  0.00000E+00 0.00000 
   33   33    1    1     1     1     1    1    1    1  0.00000E+00 0.00000 
   34   34    1    1     1     1     1    1    1    1  0.00000E+00 0.00000 
   35   35    1    1     1     1     1    1    1    1  0.00000E+00 0.00000 
   36   36    1    1     1     1     1    1    1    1  0.00000E+00 0.00000 
   37   37    1    1     1     1     1    1    1    1  0.00000E+00 0.00000 
   38   38    1    1     1     1     1    1    1    1  0.00000E+00 0.00000 
   39   39    1    1     1     1     1    1    1    1  0.00000E+00 0.00000 
   40   40    1    1     1     1     1    1    1    1  0.00000E+00 0.00000 
   41   41    1    1     1     1     1    1    1    1  0.00000E+00 0.00000 
   42   42    1    1     1     1     1    1    1    1  0.00000E+00 0.00000 
   43   43    1    1     1     1     1    1    1    1  0.00000E+00 0.00000 
   44   44    1    1     1     1     1    1    1    1  0.00000E+00 0.00000 
   45   45    1    1     1     1     1    1    1    1  0.00000E+00 0.00000 
   46   46    1    1     1     1     1    1    1    1  0.00000E+00 0.00000 
   47   47    1    1     1     1     1    1    1    1  0.00000E+00 0.00000 
   48   48    1    1     1     1     1    1    1    1  0.00000E+00 0.00000 
   49   49    1    1     1     1     1    1    1    1  0.00000E+00 0.00000 
   50   50    1    1     1     1     1    1    1    1  0.00000E+00 0.00000 
   51   51    1    1     1     1     1    1    1    1  0.00000E+00 0.00000 
   52   52    1    1     1     1     1    1    1    1  0.00000E+00 0.00000 
   53   53    1    1     1     1     1    1    1    1  0.00000E+00 0.00000 
   54   54    1    1     1     1     1    1    1    1  0.00000E+00 0.00000 
   55   55    1    1     1     1     1    1    1    1  0.00000E+00 0.00000 
   56   56    1    1     1     1     1    1    1    1  0.00000E+00 0.00000 
   57   57    1    1     1     1     1    1    1    1  0.00000E+00 0.00000 
   58   58    1    1     1     1     1    1    1    1  0.00000E+00 0.00000 
   59   59    1    1     1     1     1    1    1    1  2.52405E+06 1.00000 
   60   60    1    1     1     1     1    1    1    1  0.00000E+00 0.00000 
   61   61    1    1     1     1     1    1    1    1  0.00000E+00 0.00000 
   62   62    1    1     1     1     1    1    1    1  0.00000E+00 0.00000 
   63   63    1    1     1     1     1    1    1    1  3.19901E+06 1.00000 
   64   64    1    1     1     1     1    1    1    1  0.00000E+00 0.00000 
   65   65    1    1     1     1     1    1    1    1  1.15864E+06 1.00000 
   66   66    1    1     1     1     1    1    1    1  1.36834E+06 1.00000 
   67   67    1    1     1     1     1    1    1    1  2.97510E+06 1.00000 
   68   68    1    1     1     1     1    1    1    1  7.83442E+06 1.00000 
   69   69    1    1     1     1     1    1    1    1  2.18255E+06 0.70846 
   70   70    1    1     1     1     1    1    1    1  1.45123E+06 1.00000 
   71   71    1    1     1     1     1    1    1    1  1.84543E+06 1.00000 
   72   72    1    1     1     1     1    1    1    1  4.12023E+06 1.00000 
   73   73    1    1     1     1     1    1    1    1  1.28880E+07 0.50579 
   74   74    1    1     1     1     1    1    1    1  5.12763E+06 1.00000 
   75   75    1    1     1     1     1    1    1    1  0.00000E+00 0.00000 
   76   76    1    1     1     1     1    1    1    1  1.25773E+07 0.58287 
   77   77    1    1     1     1     1    1    1    1  5.70530E+06 1.00000 
   78   78    1    1     1     1     1    1    1    1  5.27508E+06 0.70704 
   79   79    1    1     1     1     1    1    1    1  1.08497E+06 1.00000 
   80   80    1    1     1     1     1    1    1    1  0.00000E+00 0.00000 
   81   81    1    1     1     1     1    1    1    1  9.04556E+05 1.00000 
   82   82    1    1     1     1     1    1    1    1  1.19573E+07 0.62131 
   83   83    1    1     1     1     1    1    1    1  2.01853E+06 0.70743 
   84   84    1    1     1     1     1    1    1    1  1.06734E+07 0.54548 
   85   85    1    1     1     1     1    1    1    1  1.39096E+07 0.39503 
   86   86    1    1     1     1     1    1    1    1  4.39241E+07 0.45860 
   87   87    1    1     1     1     1    1    1    1  3.19032E+07 0.48356 
   88   88    1    1     1     1     1    1    1    1  2.22420E+07 0.51201 
   89   89    1    1     1     1     1    1    1    1  1.53224E+07 0.50705 
   90   90    1    1     1     1     1    1    1    1  1.42135E+07 0.37849 
   91   91    1    1     1     1     1    1    1    1  2.48868E+07 0.31737 
   92   92    1    1     1     1     1    1    1    1  4.70725E+07 0.39763 
   93   93    1    1     1     1     1    1    1    1  1.96385E+07 0.61634 
   94   94    1    1     1     1     1    1    1    1  8.95729E+07 0.27952 
   95   95    1    1     1     1     1    1    1    1  3.86606E+07 0.32856 
   96   96    1    1     1     1     1    1    1    1  2.95216E+07 0.42002 
   97   97    1    1     1     1     1    1    1    1  5.16152E+07 0.26636 
   98   98    1    1     1     1     1    1    1    1  6.76876E+07 0.36178 
   99   99    1    1     1     1     1    1    1    1  5.82969E+07 0.48216 
  100  100    1    1     1     1     1    1    1    1  7.38562E+07 0.25116 
  101  101    1    1     1     1     1    1    1    1  6.92456E+07 0.29986 
  102  102    1    1     1     1     1    1    1    1  6.51067E+07 0.44156 
  103  103    1    1     1     1     1    1    1    1  2.44927E+07 0.41953 
  104  104    1    1     1     1     1    1    1    1  5.54022E+07 0.34041 
  105  105    1    1     1     1     1    1    1    1  1.75364E+08 0.21666 
