
DETspecTot = [
    1    1    1    1     1     1     1    1    1    1  0.00000E+00 0.00000 
    2    2    1    1     1     1     1    1    1    1  0.00000E+00 0.00000 
    3    3    1    1     1     1     1    1    1    1  0.00000E+00 0.00000 
    4    4    1    1     1     1     1    1    1    1  0.00000E+00 0.00000 
    5    5    1    1     1     1     1    1    1    1  0.00000E+00 0.00000 
    6    6    1    1     1     1     1    1    1    1  6.48146E+04 1.00000 
    7    7    1    1     1     1     1    1    1    1  0.00000E+00 0.00000 
    8    8    1    1     1     1     1    1    1    1  0.00000E+00 0.00000 
    9    9    1    1     1     1     1    1    1    1  0.00000E+00 0.00000 
   10   10    1    1     1     1     1    1    1    1  0.00000E+00 0.00000 
   11   11    1    1     1     1     1    1    1    1  0.00000E+00 0.00000 
   12   12    1    1     1     1     1    1    1    1  0.00000E+00 0.00000 
   13   13    1    1     1     1     1    1    1    1  1.46996E+05 1.00000 
   14   14    1    1     1     1     1    1    1    1  0.00000E+00 0.00000 
   15   15    1    1     1     1     1    1    1    1  0.00000E+00 0.00000 
   16   16    1    1     1     1     1    1    1    1  0.00000E+00 0.00000 
   17   17    1    1     1     1     1    1    1    1  0.00000E+00 0.00000 
   18   18    1    1     1     1     1    1    1    1  2.76985E+05 1.00000 
   19   19    1    1     1     1     1    1    1    1  0.00000E+00 0.00000 
   20   20    1    1     1     1     1    1    1    1  0.00000E+00 0.00000 
   21   21    1    1     1     1     1    1    1    1  0.00000E+00 0.00000 
   22   22    1    1     1     1     1    1    1    1  0.00000E+00 0.00000 
   23   23    1    1     1     1     1    1    1    1  0.00000E+00 0.00000 
   24   24    1    1     1     1     1    1    1    1  0.00000E+00 0.00000 
   25   25    1    1     1     1     1    1    1    1  0.00000E+00 0.00000 
   26   26    1    1     1     1     1    1    1    1  2.06522E+06 0.70810 
   27   27    1    1     1     1     1    1    1    1  2.03122E+05 1.00000 
   28   28    1    1     1     1     1    1    1    1  0.00000E+00 0.00000 
   29   29    1    1     1     1     1    1    1    1  0.00000E+00 0.00000 
   30   30    1    1     1     1     1    1    1    1  0.00000E+00 0.00000 
   31   31    1    1     1     1     1    1    1    1  6.20282E+05 1.00000 
   32   32    1    1     1     1     1    1    1    1  0.00000E+00 0.00000 
   33   33    1    1     1     1     1    1    1    1  0.00000E+00 0.00000 
   34   34    1    1     1     1     1    1    1    1  0.00000E+00 0.00000 
   35   35    1    1     1     1     1    1    1    1  0.00000E+00 0.00000 
   36   36    1    1     1     1     1    1    1    1  1.93767E+06 1.00000 
   37   37    1    1     1     1     1    1    1    1  0.00000E+00 0.00000 
   38   38    1    1     1     1     1    1    1    1  0.00000E+00 0.00000 
   39   39    1    1     1     1     1    1    1    1  0.00000E+00 0.00000 
   40   40    1    1     1     1     1    1    1    1  0.00000E+00 0.00000 
   41   41    1    1     1     1     1    1    1    1  0.00000E+00 0.00000 
   42   42    1    1     1     1     1    1    1    1  0.00000E+00 0.00000 
   43   43    1    1     1     1     1    1    1    1  0.00000E+00 0.00000 
   44   44    1    1     1     1     1    1    1    1  0.00000E+00 0.00000 
   45   45    1    1     1     1     1    1    1    1  0.00000E+00 0.00000 
   46   46    1    1     1     1     1    1    1    1  6.69795E+05 1.00000 
   47   47    1    1     1     1     1    1    1    1  0.00000E+00 0.00000 
   48   48    1    1     1     1     1    1    1    1  0.00000E+00 0.00000 
   49   49    1    1     1     1     1    1    1    1  4.61130E+05 1.00000 
   50   50    1    1     1     1     1    1    1    1  0.00000E+00 0.00000 
   51   51    1    1     1     1     1    1    1    1  8.94267E+05 0.70727 
   52   52    1    1     1     1     1    1    1    1  2.05216E+06 0.76638 
   53   53    1    1     1     1     1    1    1    1  2.45085E+06 1.00000 
   54   54    1    1     1     1     1    1    1    1  2.19856E+06 1.00000 
   55   55    1    1     1     1     1    1    1    1  0.00000E+00 0.00000 
   56   56    1    1     1     1     1    1    1    1  2.09277E+07 1.00000 
   57   57    1    1     1     1     1    1    1    1  0.00000E+00 0.00000 
   58   58    1    1     1     1     1    1    1    1  0.00000E+00 0.00000 
   59   59    1    1     1     1     1    1    1    1  3.92562E+06 1.00000 
   60   60    1    1     1     1     1    1    1    1  0.00000E+00 0.00000 
   61   61    1    1     1     1     1    1    1    1  0.00000E+00 0.00000 
   62   62    1    1     1     1     1    1    1    1  0.00000E+00 0.00000 
   63   63    1    1     1     1     1    1    1    1  7.57982E+06 0.58421 
   64   64    1    1     1     1     1    1    1    1  1.24198E+07 0.45333 
   65   65    1    1     1     1     1    1    1    1  1.79355E+06 0.52275 
   66   66    1    1     1     1     1    1    1    1  4.06383E+06 0.60569 
   67   67    1    1     1     1     1    1    1    1  2.38337E+07 0.52845 
   68   68    1    1     1     1     1    1    1    1  7.32703E+06 1.00000 
   69   69    1    1     1     1     1    1    1    1  6.86057E+06 0.46555 
   70   70    1    1     1     1     1    1    1    1  1.89554E+06 0.60083 
   71   71    1    1     1     1     1    1    1    1  5.86447E+06 0.46641 
   72   72    1    1     1     1     1    1    1    1  6.12120E+06 0.70883 
   73   73    1    1     1     1     1    1    1    1  2.33324E+07 0.60607 
   74   74    1    1     1     1     1    1    1    1  1.73304E+07 0.51733 
   75   75    1    1     1     1     1    1    1    1  7.51913E+06 0.40432 
   76   76    1    1     1     1     1    1    1    1  1.73542E+07 0.39249 
   77   77    1    1     1     1     1    1    1    1  1.48024E+07 0.59837 
   78   78    1    1     1     1     1    1    1    1  2.49403E+07 0.48759 
   79   79    1    1     1     1     1    1    1    1  2.22149E+07 0.37661 
   80   80    1    1     1     1     1    1    1    1  1.57732E+07 0.39356 
   81   81    1    1     1     1     1    1    1    1  3.15906E+06 0.58125 
   82   82    1    1     1     1     1    1    1    1  7.77904E+07 0.35889 
   83   83    1    1     1     1     1    1    1    1  3.28219E+07 0.35423 
   84   84    1    1     1     1     1    1    1    1  2.67268E+07 0.34053 
   85   85    1    1     1     1     1    1    1    1  3.33150E+07 0.23938 
   86   86    1    1     1     1     1    1    1    1  3.89875E+07 0.36866 
   87   87    1    1     1     1     1    1    1    1  8.13491E+07 0.29146 
   88   88    1    1     1     1     1    1    1    1  1.26143E+08 0.24426 
   89   89    1    1     1     1     1    1    1    1  6.89410E+07 0.27551 
   90   90    1    1     1     1     1    1    1    1  1.71691E+07 0.35812 
   91   91    1    1     1     1     1    1    1    1  9.04032E+07 0.21442 
   92   92    1    1     1     1     1    1    1    1  7.58649E+07 0.31257 
   93   93    1    1     1     1     1    1    1    1  1.22107E+08 0.28605 
   94   94    1    1     1     1     1    1    1    1  1.42018E+08 0.21300 
   95   95    1    1     1     1     1    1    1    1  1.25452E+08 0.21184 
   96   96    1    1     1     1     1    1    1    1  1.27334E+08 0.19514 
   97   97    1    1     1     1     1    1    1    1  1.75962E+08 0.14225 
   98   98    1    1     1     1     1    1    1    1  1.79785E+08 0.20349 
   99   99    1    1     1     1     1    1    1    1  1.72473E+08 0.28887 
  100  100    1    1     1     1     1    1    1    1  3.27641E+08 0.13951 
  101  101    1    1     1     1     1    1    1    1  1.75145E+08 0.16189 
  102  102    1    1     1     1     1    1    1    1  2.83127E+08 0.22834 
  103  103    1    1     1     1     1    1    1    1  1.82976E+08 0.16960 
  104  104    1    1     1     1     1    1    1    1  3.49265E+08 0.20335 
  105  105    1    1     1     1     1    1    1    1  4.25349E+08 0.12843 
