
DETspecTot = [
    1    1    1    1     1     1     1    1    1    1  0.00000E+00 0.00000 
    2    2    1    1     1     1     1    1    1    1  0.00000E+00 0.00000 
    3    3    1    1     1     1     1    1    1    1  0.00000E+00 0.00000 
    4    4    1    1     1     1     1    1    1    1  0.00000E+00 0.00000 
    5    5    1    1     1     1     1    1    1    1  0.00000E+00 0.00000 
    6    6    1    1     1     1     1    1    1    1  0.00000E+00 0.00000 
    7    7    1    1     1     1     1    1    1    1  0.00000E+00 0.00000 
    8    8    1    1     1     1     1    1    1    1  0.00000E+00 0.00000 
    9    9    1    1     1     1     1    1    1    1  0.00000E+00 0.00000 
   10   10    1    1     1     1     1    1    1    1  0.00000E+00 0.00000 
   11   11    1    1     1     1     1    1    1    1  0.00000E+00 0.00000 
   12   12    1    1     1     1     1    1    1    1  0.00000E+00 0.00000 
   13   13    1    1     1     1     1    1    1    1  0.00000E+00 0.00000 
   14   14    1    1     1     1     1    1    1    1  0.00000E+00 0.00000 
   15   15    1    1     1     1     1    1    1    1  0.00000E+00 0.00000 
   16   16    1    1     1     1     1    1    1    1  0.00000E+00 0.00000 
   17   17    1    1     1     1     1    1    1    1  2.30814E+05 1.00000 
   18   18    1    1     1     1     1    1    1    1  2.54669E+05 1.00000 
   19   19    1    1     1     1     1    1    1    1  2.78357E+05 1.00000 
   20   20    1    1     1     1     1    1    1    1  0.00000E+00 0.00000 
   21   21    1    1     1     1     1    1    1    1  2.01862E+05 1.00000 
   22   22    1    1     1     1     1    1    1    1  9.01322E+04 1.00000 
   23   23    1    1     1     1     1    1    1    1  0.00000E+00 0.00000 
   24   24    1    1     1     1     1    1    1    1  0.00000E+00 0.00000 
   25   25    1    1     1     1     1    1    1    1  0.00000E+00 0.00000 
   26   26    1    1     1     1     1    1    1    1  0.00000E+00 0.00000 
   27   27    1    1     1     1     1    1    1    1  1.99044E+05 1.00000 
   28   28    1    1     1     1     1    1    1    1  4.25734E+05 0.70717 
   29   29    1    1     1     1     1    1    1    1  0.00000E+00 0.00000 
   30   30    1    1     1     1     1    1    1    1  1.74954E+05 0.70746 
   31   31    1    1     1     1     1    1    1    1  4.55671E+05 1.00000 
   32   32    1    1     1     1     1    1    1    1  0.00000E+00 0.00000 
   33   33    1    1     1     1     1    1    1    1  2.80260E+06 0.57862 
   34   34    1    1     1     1     1    1    1    1  2.87359E+06 0.70710 
   35   35    1    1     1     1     1    1    1    1  0.00000E+00 0.00000 
   36   36    1    1     1     1     1    1    1    1  6.94925E+06 0.49992 
   37   37    1    1     1     1     1    1    1    1  2.11955E+06 0.70894 
   38   38    1    1     1     1     1    1    1    1  0.00000E+00 0.00000 
   39   39    1    1     1     1     1    1    1    1  0.00000E+00 0.00000 
   40   40    1    1     1     1     1    1    1    1  0.00000E+00 0.00000 
   41   41    1    1     1     1     1    1    1    1  1.92550E+06 1.00000 
   42   42    1    1     1     1     1    1    1    1  0.00000E+00 0.00000 
   43   43    1    1     1     1     1    1    1    1  0.00000E+00 0.00000 
   44   44    1    1     1     1     1    1    1    1  0.00000E+00 0.00000 
   45   45    1    1     1     1     1    1    1    1  2.47006E+06 0.70704 
   46   46    1    1     1     1     1    1    1    1  1.94984E+06 0.54942 
   47   47    1    1     1     1     1    1    1    1  0.00000E+00 0.00000 
   48   48    1    1     1     1     1    1    1    1  4.01445E+05 0.70717 
   49   49    1    1     1     1     1    1    1    1  5.17935E+05 1.00000 
   50   50    1    1     1     1     1    1    1    1  0.00000E+00 0.00000 
   51   51    1    1     1     1     1    1    1    1  5.36964E+05 1.00000 
   52   52    1    1     1     1     1    1    1    1  1.50005E+06 1.00000 
   53   53    1    1     1     1     1    1    1    1  2.68173E+06 1.00000 
   54   54    1    1     1     1     1    1    1    1  6.06046E+06 0.50018 
   55   55    1    1     1     1     1    1    1    1  4.47342E+06 0.70746 
   56   56    1    1     1     1     1    1    1    1  0.00000E+00 0.00000 
   57   57    1    1     1     1     1    1    1    1  4.87966E+06 0.62667 
   58   58    1    1     1     1     1    1    1    1  8.36055E+06 0.54268 
   59   59    1    1     1     1     1    1    1    1  1.57274E+07 0.61520 
   60   60    1    1     1     1     1    1    1    1  9.43609E+06 0.43584 
   61   61    1    1     1     1     1    1    1    1  0.00000E+00 0.00000 
   62   62    1    1     1     1     1    1    1    1  4.52542E+06 0.33734 
   63   63    1    1     1     1     1    1    1    1  1.14494E+07 0.36435 
   64   64    1    1     1     1     1    1    1    1  1.32097E+07 0.72613 
   65   65    1    1     1     1     1    1    1    1  1.31600E+07 0.30458 
   66   66    1    1     1     1     1    1    1    1  1.82219E+07 0.40557 
   67   67    1    1     1     1     1    1    1    1  2.12912E+07 0.35693 
   68   68    1    1     1     1     1    1    1    1  2.72986E+07 0.50006 
   69   69    1    1     1     1     1    1    1    1  4.17110E+07 0.28901 
   70   70    1    1     1     1     1    1    1    1  7.75644E+06 0.28240 
   71   71    1    1     1     1     1    1    1    1  1.41728E+07 0.31857 
   72   72    1    1     1     1     1    1    1    1  3.05227E+07 0.31847 
   73   73    1    1     1     1     1    1    1    1  6.74710E+07 0.28546 
   74   74    1    1     1     1     1    1    1    1  3.56052E+07 0.32115 
   75   75    1    1     1     1     1    1    1    1  1.53230E+07 0.33169 
   76   76    1    1     1     1     1    1    1    1  1.51159E+07 0.36576 
   77   77    1    1     1     1     1    1    1    1  6.74227E+07 0.31441 
   78   78    1    1     1     1     1    1    1    1  2.90281E+07 0.36033 
   79   79    1    1     1     1     1    1    1    1  5.65576E+07 0.21861 
   80   80    1    1     1     1     1    1    1    1  3.52036E+07 0.28895 
   81   81    1    1     1     1     1    1    1    1  1.63026E+07 0.27309 
   82   82    1    1     1     1     1    1    1    1  8.80416E+07 0.22030 
   83   83    1    1     1     1     1    1    1    1  6.65634E+07 0.22267 
   84   84    1    1     1     1     1    1    1    1  7.90099E+07 0.20232 
   85   85    1    1     1     1     1    1    1    1  3.82295E+07 0.21505 
   86   86    1    1     1     1     1    1    1    1  1.32938E+08 0.24922 
   87   87    1    1     1     1     1    1    1    1  1.53367E+08 0.17326 
   88   88    1    1     1     1     1    1    1    1  2.10063E+08 0.17841 
   89   89    1    1     1     1     1    1    1    1  1.04615E+08 0.18197 
   90   90    1    1     1     1     1    1    1    1  8.55551E+07 0.17221 
   91   91    1    1     1     1     1    1    1    1  2.52928E+08 0.13843 
   92   92    1    1     1     1     1    1    1    1  3.51042E+08 0.16927 
   93   93    1    1     1     1     1    1    1    1  2.16816E+08 0.18207 
   94   94    1    1     1     1     1    1    1    1  2.87614E+08 0.12741 
   95   95    1    1     1     1     1    1    1    1  3.67000E+08 0.12443 
   96   96    1    1     1     1     1    1    1    1  3.07352E+08 0.12872 
   97   97    1    1     1     1     1    1    1    1  3.45815E+08 0.09667 
   98   98    1    1     1     1     1    1    1    1  3.75316E+08 0.12619 
   99   99    1    1     1     1     1    1    1    1  5.28309E+08 0.13637 
  100  100    1    1     1     1     1    1    1    1  5.78191E+08 0.09449 
  101  101    1    1     1     1     1    1    1    1  6.53356E+08 0.09589 
  102  102    1    1     1     1     1    1    1    1  5.73027E+08 0.14746 
  103  103    1    1     1     1     1    1    1    1  4.70280E+08 0.09937 
  104  104    1    1     1     1     1    1    1    1  8.21272E+08 0.11364 
  105  105    1    1     1     1     1    1    1    1  1.08840E+09 0.07957 
