
DETspecTot = [
    1    1    1    1     1     1     1    1    1    1  0.00000E+00 0.00000 
    2    2    1    1     1     1     1    1    1    1  0.00000E+00 0.00000 
    3    3    1    1     1     1     1    1    1    1  0.00000E+00 0.00000 
    4    4    1    1     1     1     1    1    1    1  0.00000E+00 0.00000 
    5    5    1    1     1     1     1    1    1    1  0.00000E+00 0.00000 
    6    6    1    1     1     1     1    1    1    1  0.00000E+00 0.00000 
    7    7    1    1     1     1     1    1    1    1  0.00000E+00 0.00000 
    8    8    1    1     1     1     1    1    1    1  0.00000E+00 0.00000 
    9    9    1    1     1     1     1    1    1    1  0.00000E+00 0.00000 
   10   10    1    1     1     1     1    1    1    1  0.00000E+00 0.00000 
   11   11    1    1     1     1     1    1    1    1  0.00000E+00 0.00000 
   12   12    1    1     1     1     1    1    1    1  0.00000E+00 0.00000 
   13   13    1    1     1     1     1    1    1    1  0.00000E+00 0.00000 
   14   14    1    1     1     1     1    1    1    1  0.00000E+00 0.00000 
   15   15    1    1     1     1     1    1    1    1  0.00000E+00 0.00000 
   16   16    1    1     1     1     1    1    1    1  0.00000E+00 0.00000 
   17   17    1    1     1     1     1    1    1    1  0.00000E+00 0.00000 
   18   18    1    1     1     1     1    1    1    1  0.00000E+00 0.00000 
   19   19    1    1     1     1     1    1    1    1  0.00000E+00 0.00000 
   20   20    1    1     1     1     1    1    1    1  0.00000E+00 0.00000 
   21   21    1    1     1     1     1    1    1    1  0.00000E+00 0.00000 
   22   22    1    1     1     1     1    1    1    1  0.00000E+00 0.00000 
   23   23    1    1     1     1     1    1    1    1  0.00000E+00 0.00000 
   24   24    1    1     1     1     1    1    1    1  0.00000E+00 0.00000 
   25   25    1    1     1     1     1    1    1    1  0.00000E+00 0.00000 
   26   26    1    1     1     1     1    1    1    1  0.00000E+00 0.00000 
   27   27    1    1     1     1     1    1    1    1  0.00000E+00 0.00000 
   28   28    1    1     1     1     1    1    1    1  0.00000E+00 0.00000 
   29   29    1    1     1     1     1    1    1    1  0.00000E+00 0.00000 
   30   30    1    1     1     1     1    1    1    1  0.00000E+00 0.00000 
   31   31    1    1     1     1     1    1    1    1  0.00000E+00 0.00000 
   32   32    1    1     1     1     1    1    1    1  0.00000E+00 0.00000 
   33   33    1    1     1     1     1    1    1    1  0.00000E+00 0.00000 
   34   34    1    1     1     1     1    1    1    1  0.00000E+00 0.00000 
   35   35    1    1     1     1     1    1    1    1  0.00000E+00 0.00000 
   36   36    1    1     1     1     1    1    1    1  0.00000E+00 0.00000 
   37   37    1    1     1     1     1    1    1    1  0.00000E+00 0.00000 
   38   38    1    1     1     1     1    1    1    1  0.00000E+00 0.00000 
   39   39    1    1     1     1     1    1    1    1  0.00000E+00 0.00000 
   40   40    1    1     1     1     1    1    1    1  0.00000E+00 0.00000 
   41   41    1    1     1     1     1    1    1    1  0.00000E+00 0.00000 
   42   42    1    1     1     1     1    1    1    1  0.00000E+00 0.00000 
   43   43    1    1     1     1     1    1    1    1  0.00000E+00 0.00000 
   44   44    1    1     1     1     1    1    1    1  0.00000E+00 0.00000 
   45   45    1    1     1     1     1    1    1    1  0.00000E+00 0.00000 
   46   46    1    1     1     1     1    1    1    1  0.00000E+00 0.00000 
   47   47    1    1     1     1     1    1    1    1  0.00000E+00 0.00000 
   48   48    1    1     1     1     1    1    1    1  0.00000E+00 0.00000 
   49   49    1    1     1     1     1    1    1    1  0.00000E+00 0.00000 
   50   50    1    1     1     1     1    1    1    1  0.00000E+00 0.00000 
   51   51    1    1     1     1     1    1    1    1  0.00000E+00 0.00000 
   52   52    1    1     1     1     1    1    1    1  0.00000E+00 0.00000 
   53   53    1    1     1     1     1    1    1    1  0.00000E+00 0.00000 
   54   54    1    1     1     1     1    1    1    1  0.00000E+00 0.00000 
   55   55    1    1     1     1     1    1    1    1  0.00000E+00 0.00000 
   56   56    1    1     1     1     1    1    1    1  0.00000E+00 0.00000 
   57   57    1    1     1     1     1    1    1    1  0.00000E+00 0.00000 
   58   58    1    1     1     1     1    1    1    1  0.00000E+00 0.00000 
   59   59    1    1     1     1     1    1    1    1  0.00000E+00 0.00000 
   60   60    1    1     1     1     1    1    1    1  0.00000E+00 0.00000 
   61   61    1    1     1     1     1    1    1    1  0.00000E+00 0.00000 
   62   62    1    1     1     1     1    1    1    1  0.00000E+00 0.00000 
   63   63    1    1     1     1     1    1    1    1  0.00000E+00 0.00000 
   64   64    1    1     1     1     1    1    1    1  0.00000E+00 0.00000 
   65   65    1    1     1     1     1    1    1    1  0.00000E+00 0.00000 
   66   66    1    1     1     1     1    1    1    1  0.00000E+00 0.00000 
   67   67    1    1     1     1     1    1    1    1  6.01212E+06 1.00000 
   68   68    1    1     1     1     1    1    1    1  8.32094E+06 1.00000 
   69   69    1    1     1     1     1    1    1    1  0.00000E+00 0.00000 
   70   70    1    1     1     1     1    1    1    1  1.27446E+06 1.00000 
   71   71    1    1     1     1     1    1    1    1  0.00000E+00 0.00000 
   72   72    1    1     1     1     1    1    1    1  0.00000E+00 0.00000 
   73   73    1    1     1     1     1    1    1    1  1.12100E+06 1.00000 
   74   74    1    1     1     1     1    1    1    1  0.00000E+00 0.00000 
   75   75    1    1     1     1     1    1    1    1  0.00000E+00 0.00000 
   76   76    1    1     1     1     1    1    1    1  0.00000E+00 0.00000 
   77   77    1    1     1     1     1    1    1    1  6.96761E+06 0.70707 
   78   78    1    1     1     1     1    1    1    1  7.46982E+06 0.73608 
   79   79    1    1     1     1     1    1    1    1  6.11038E+06 0.69654 
   80   80    1    1     1     1     1    1    1    1  3.80901E+06 1.00000 
   81   81    1    1     1     1     1    1    1    1  2.10273E+06 0.70707 
   82   82    1    1     1     1     1    1    1    1  1.79125E+06 1.00000 
   83   83    1    1     1     1     1    1    1    1  7.88161E+06 0.71614 
   84   84    1    1     1     1     1    1    1    1  2.57681E+07 0.46491 
   85   85    1    1     1     1     1    1    1    1  9.62491E+06 0.54755 
   86   86    1    1     1     1     1    1    1    1  2.23634E+07 0.75251 
   87   87    1    1     1     1     1    1    1    1  1.66366E+07 0.81796 
   88   88    1    1     1     1     1    1    1    1  3.41979E+07 0.40713 
   89   89    1    1     1     1     1    1    1    1  3.68111E+07 0.44189 
   90   90    1    1     1     1     1    1    1    1  1.80880E+07 0.41948 
   91   91    1    1     1     1     1    1    1    1  2.40986E+07 0.32704 
   92   92    1    1     1     1     1    1    1    1  1.14365E+07 0.72004 
   93   93    1    1     1     1     1    1    1    1  6.22618E+07 0.39208 
   94   94    1    1     1     1     1    1    1    1  8.63589E+07 0.31714 
   95   95    1    1     1     1     1    1    1    1  3.29831E+07 0.52729 
   96   96    1    1     1     1     1    1    1    1  2.92804E+07 0.35780 
   97   97    1    1     1     1     1    1    1    1  6.99633E+07 0.29604 
   98   98    1    1     1     1     1    1    1    1  5.09315E+07 0.38143 
   99   99    1    1     1     1     1    1    1    1  8.87788E+07 0.32433 
  100  100    1    1     1     1     1    1    1    1  1.20460E+08 0.20564 
  101  101    1    1     1     1     1    1    1    1  7.63389E+07 0.21640 
  102  102    1    1     1     1     1    1    1    1  6.08462E+07 0.49668 
  103  103    1    1     1     1     1    1    1    1  5.89536E+07 0.27309 
  104  104    1    1     1     1     1    1    1    1  1.10462E+08 0.28945 
  105  105    1    1     1     1     1    1    1    1  1.44000E+08 0.21688 
