
DETspecTot = [
    1    1    1    1     1     1     1    1    1    1  0.00000E+00 0.00000 
    2    2    1    1     1     1     1    1    1    1  0.00000E+00 0.00000 
    3    3    1    1     1     1     1    1    1    1  0.00000E+00 0.00000 
    4    4    1    1     1     1     1    1    1    1  0.00000E+00 0.00000 
    5    5    1    1     1     1     1    1    1    1  0.00000E+00 0.00000 
    6    6    1    1     1     1     1    1    1    1  0.00000E+00 0.00000 
    7    7    1    1     1     1     1    1    1    1  0.00000E+00 0.00000 
    8    8    1    1     1     1     1    1    1    1  0.00000E+00 0.00000 
    9    9    1    1     1     1     1    1    1    1  0.00000E+00 0.00000 
   10   10    1    1     1     1     1    1    1    1  0.00000E+00 0.00000 
   11   11    1    1     1     1     1    1    1    1  0.00000E+00 0.00000 
   12   12    1    1     1     1     1    1    1    1  0.00000E+00 0.00000 
   13   13    1    1     1     1     1    1    1    1  0.00000E+00 0.00000 
   14   14    1    1     1     1     1    1    1    1  0.00000E+00 0.00000 
   15   15    1    1     1     1     1    1    1    1  0.00000E+00 0.00000 
   16   16    1    1     1     1     1    1    1    1  2.76181E+05 1.00000 
   17   17    1    1     1     1     1    1    1    1  0.00000E+00 0.00000 
   18   18    1    1     1     1     1    1    1    1  0.00000E+00 0.00000 
   19   19    1    1     1     1     1    1    1    1  0.00000E+00 0.00000 
   20   20    1    1     1     1     1    1    1    1  0.00000E+00 0.00000 
   21   21    1    1     1     1     1    1    1    1  0.00000E+00 0.00000 
   22   22    1    1     1     1     1    1    1    1  0.00000E+00 0.00000 
   23   23    1    1     1     1     1    1    1    1  1.16804E+05 1.00000 
   24   24    1    1     1     1     1    1    1    1  0.00000E+00 0.00000 
   25   25    1    1     1     1     1    1    1    1  0.00000E+00 0.00000 
   26   26    1    1     1     1     1    1    1    1  0.00000E+00 0.00000 
   27   27    1    1     1     1     1    1    1    1  0.00000E+00 0.00000 
   28   28    1    1     1     1     1    1    1    1  0.00000E+00 0.00000 
   29   29    1    1     1     1     1    1    1    1  0.00000E+00 0.00000 
   30   30    1    1     1     1     1    1    1    1  0.00000E+00 0.00000 
   31   31    1    1     1     1     1    1    1    1  0.00000E+00 0.00000 
   32   32    1    1     1     1     1    1    1    1  0.00000E+00 0.00000 
   33   33    1    1     1     1     1    1    1    1  0.00000E+00 0.00000 
   34   34    1    1     1     1     1    1    1    1  0.00000E+00 0.00000 
   35   35    1    1     1     1     1    1    1    1  0.00000E+00 0.00000 
   36   36    1    1     1     1     1    1    1    1  0.00000E+00 0.00000 
   37   37    1    1     1     1     1    1    1    1  0.00000E+00 0.00000 
   38   38    1    1     1     1     1    1    1    1  0.00000E+00 0.00000 
   39   39    1    1     1     1     1    1    1    1  1.60281E+06 1.00000 
   40   40    1    1     1     1     1    1    1    1  0.00000E+00 0.00000 
   41   41    1    1     1     1     1    1    1    1  0.00000E+00 0.00000 
   42   42    1    1     1     1     1    1    1    1  0.00000E+00 0.00000 
   43   43    1    1     1     1     1    1    1    1  0.00000E+00 0.00000 
   44   44    1    1     1     1     1    1    1    1  0.00000E+00 0.00000 
   45   45    1    1     1     1     1    1    1    1  1.53173E+06 1.00000 
   46   46    1    1     1     1     1    1    1    1  0.00000E+00 0.00000 
   47   47    1    1     1     1     1    1    1    1  1.42362E+05 1.00000 
   48   48    1    1     1     1     1    1    1    1  1.83742E+05 1.00000 
   49   49    1    1     1     1     1    1    1    1  0.00000E+00 0.00000 
   50   50    1    1     1     1     1    1    1    1  0.00000E+00 0.00000 
   51   51    1    1     1     1     1    1    1    1  0.00000E+00 0.00000 
   52   52    1    1     1     1     1    1    1    1  1.73488E+06 1.00000 
   53   53    1    1     1     1     1    1    1    1  0.00000E+00 0.00000 
   54   54    1    1     1     1     1    1    1    1  0.00000E+00 0.00000 
   55   55    1    1     1     1     1    1    1    1  0.00000E+00 0.00000 
   56   56    1    1     1     1     1    1    1    1  0.00000E+00 0.00000 
   57   57    1    1     1     1     1    1    1    1  0.00000E+00 0.00000 
   58   58    1    1     1     1     1    1    1    1  0.00000E+00 0.00000 
   59   59    1    1     1     1     1    1    1    1  0.00000E+00 0.00000 
   60   60    1    1     1     1     1    1    1    1  8.32558E+05 1.00000 
   61   61    1    1     1     1     1    1    1    1  0.00000E+00 0.00000 
   62   62    1    1     1     1     1    1    1    1  5.23296E+06 0.39931 
   63   63    1    1     1     1     1    1    1    1  3.65705E+06 0.70705 
   64   64    1    1     1     1     1    1    1    1  1.60554E+07 0.41246 
   65   65    1    1     1     1     1    1    1    1  1.32890E+07 0.45289 
   66   66    1    1     1     1     1    1    1    1  1.67951E+06 1.00000 
   67   67    1    1     1     1     1    1    1    1  7.54789E+06 0.75005 
   68   68    1    1     1     1     1    1    1    1  7.58572E+06 1.00000 
   69   69    1    1     1     1     1    1    1    1  0.00000E+00 0.00000 
   70   70    1    1     1     1     1    1    1    1  1.98310E+06 0.71025 
   71   71    1    1     1     1     1    1    1    1  6.38143E+06 0.45003 
   72   72    1    1     1     1     1    1    1    1  5.68678E+06 0.70726 
   73   73    1    1     1     1     1    1    1    1  3.16667E+07 0.41696 
   74   74    1    1     1     1     1    1    1    1  3.07217E+07 0.49307 
   75   75    1    1     1     1     1    1    1    1  7.10388E+06 0.55159 
   76   76    1    1     1     1     1    1    1    1  9.61571E+06 0.50022 
   77   77    1    1     1     1     1    1    1    1  2.01398E+07 0.52535 
   78   78    1    1     1     1     1    1    1    1  9.77919E+06 0.58801 
   79   79    1    1     1     1     1    1    1    1  9.10320E+06 0.44782 
   80   80    1    1     1     1     1    1    1    1  8.46544E+06 0.52886 
   81   81    1    1     1     1     1    1    1    1  2.96071E+06 0.57819 
   82   82    1    1     1     1     1    1    1    1  2.97302E+07 0.43749 
   83   83    1    1     1     1     1    1    1    1  3.66421E+07 0.33146 
   84   84    1    1     1     1     1    1    1    1  3.83216E+07 0.35336 
   85   85    1    1     1     1     1    1    1    1  1.85773E+07 0.30441 
   86   86    1    1     1     1     1    1    1    1  3.40123E+07 0.52999 
   87   87    1    1     1     1     1    1    1    1  5.94377E+07 0.38164 
   88   88    1    1     1     1     1    1    1    1  4.81226E+07 0.30176 
   89   89    1    1     1     1     1    1    1    1  3.24743E+07 0.32833 
   90   90    1    1     1     1     1    1    1    1  4.26289E+07 0.24531 
   91   91    1    1     1     1     1    1    1    1  6.79777E+07 0.23793 
   92   92    1    1     1     1     1    1    1    1  1.05596E+08 0.27651 
   93   93    1    1     1     1     1    1    1    1  1.11224E+08 0.24635 
   94   94    1    1     1     1     1    1    1    1  1.32745E+08 0.20417 
   95   95    1    1     1     1     1    1    1    1  9.66740E+07 0.21101 
   96   96    1    1     1     1     1    1    1    1  6.58481E+07 0.25999 
   97   97    1    1     1     1     1    1    1    1  1.11817E+08 0.17803 
   98   98    1    1     1     1     1    1    1    1  9.59529E+07 0.24190 
   99   99    1    1     1     1     1    1    1    1  7.12778E+07 0.30027 
  100  100    1    1     1     1     1    1    1    1  1.49971E+08 0.16789 
  101  101    1    1     1     1     1    1    1    1  2.02972E+08 0.17549 
  102  102    1    1     1     1     1    1    1    1  1.05196E+08 0.29872 
  103  103    1    1     1     1     1    1    1    1  1.45312E+08 0.16811 
  104  104    1    1     1     1     1    1    1    1  2.47844E+08 0.19935 
  105  105    1    1     1     1     1    1    1    1  4.27457E+08 0.14316 
