
DETspecTot = [
    1    1    1    1     1     1     1    1    1    1  0.00000E+00 0.00000 
    2    2    1    1     1     1     1    1    1    1  0.00000E+00 0.00000 
    3    3    1    1     1     1     1    1    1    1  0.00000E+00 0.00000 
    4    4    1    1     1     1     1    1    1    1  0.00000E+00 0.00000 
    5    5    1    1     1     1     1    1    1    1  0.00000E+00 0.00000 
    6    6    1    1     1     1     1    1    1    1  0.00000E+00 0.00000 
    7    7    1    1     1     1     1    1    1    1  0.00000E+00 0.00000 
    8    8    1    1     1     1     1    1    1    1  0.00000E+00 0.00000 
    9    9    1    1     1     1     1    1    1    1  0.00000E+00 0.00000 
   10   10    1    1     1     1     1    1    1    1  0.00000E+00 0.00000 
   11   11    1    1     1     1     1    1    1    1  0.00000E+00 0.00000 
   12   12    1    1     1     1     1    1    1    1  0.00000E+00 0.00000 
   13   13    1    1     1     1     1    1    1    1  0.00000E+00 0.00000 
   14   14    1    1     1     1     1    1    1    1  0.00000E+00 0.00000 
   15   15    1    1     1     1     1    1    1    1  0.00000E+00 0.00000 
   16   16    1    1     1     1     1    1    1    1  0.00000E+00 0.00000 
   17   17    1    1     1     1     1    1    1    1  0.00000E+00 0.00000 
   18   18    1    1     1     1     1    1    1    1  0.00000E+00 0.00000 
   19   19    1    1     1     1     1    1    1    1  0.00000E+00 0.00000 
   20   20    1    1     1     1     1    1    1    1  0.00000E+00 0.00000 
   21   21    1    1     1     1     1    1    1    1  0.00000E+00 0.00000 
   22   22    1    1     1     1     1    1    1    1  0.00000E+00 0.00000 
   23   23    1    1     1     1     1    1    1    1  0.00000E+00 0.00000 
   24   24    1    1     1     1     1    1    1    1  0.00000E+00 0.00000 
   25   25    1    1     1     1     1    1    1    1  0.00000E+00 0.00000 
   26   26    1    1     1     1     1    1    1    1  0.00000E+00 0.00000 
   27   27    1    1     1     1     1    1    1    1  0.00000E+00 0.00000 
   28   28    1    1     1     1     1    1    1    1  0.00000E+00 0.00000 
   29   29    1    1     1     1     1    1    1    1  0.00000E+00 0.00000 
   30   30    1    1     1     1     1    1    1    1  0.00000E+00 0.00000 
   31   31    1    1     1     1     1    1    1    1  7.72403E+05 0.70950 
   32   32    1    1     1     1     1    1    1    1  0.00000E+00 0.00000 
   33   33    1    1     1     1     1    1    1    1  0.00000E+00 0.00000 
   34   34    1    1     1     1     1    1    1    1  0.00000E+00 0.00000 
   35   35    1    1     1     1     1    1    1    1  0.00000E+00 0.00000 
   36   36    1    1     1     1     1    1    1    1  0.00000E+00 0.00000 
   37   37    1    1     1     1     1    1    1    1  4.68085E+06 1.00000 
   38   38    1    1     1     1     1    1    1    1  0.00000E+00 0.00000 
   39   39    1    1     1     1     1    1    1    1  0.00000E+00 0.00000 
   40   40    1    1     1     1     1    1    1    1  0.00000E+00 0.00000 
   41   41    1    1     1     1     1    1    1    1  0.00000E+00 0.00000 
   42   42    1    1     1     1     1    1    1    1  0.00000E+00 0.00000 
   43   43    1    1     1     1     1    1    1    1  0.00000E+00 0.00000 
   44   44    1    1     1     1     1    1    1    1  0.00000E+00 0.00000 
   45   45    1    1     1     1     1    1    1    1  0.00000E+00 0.00000 
   46   46    1    1     1     1     1    1    1    1  0.00000E+00 0.00000 
   47   47    1    1     1     1     1    1    1    1  0.00000E+00 0.00000 
   48   48    1    1     1     1     1    1    1    1  0.00000E+00 0.00000 
   49   49    1    1     1     1     1    1    1    1  0.00000E+00 0.00000 
   50   50    1    1     1     1     1    1    1    1  0.00000E+00 0.00000 
   51   51    1    1     1     1     1    1    1    1  4.93460E+05 1.00000 
   52   52    1    1     1     1     1    1    1    1  0.00000E+00 0.00000 
   53   53    1    1     1     1     1    1    1    1  0.00000E+00 0.00000 
   54   54    1    1     1     1     1    1    1    1  3.48297E+06 0.73074 
   55   55    1    1     1     1     1    1    1    1  0.00000E+00 0.00000 
   56   56    1    1     1     1     1    1    1    1  0.00000E+00 0.00000 
   57   57    1    1     1     1     1    1    1    1  0.00000E+00 0.00000 
   58   58    1    1     1     1     1    1    1    1  0.00000E+00 0.00000 
   59   59    1    1     1     1     1    1    1    1  3.76572E+06 1.00000 
   60   60    1    1     1     1     1    1    1    1  3.83542E+06 1.00000 
   61   61    1    1     1     1     1    1    1    1  0.00000E+00 0.00000 
   62   62    1    1     1     1     1    1    1    1  0.00000E+00 0.00000 
   63   63    1    1     1     1     1    1    1    1  0.00000E+00 0.00000 
   64   64    1    1     1     1     1    1    1    1  3.33638E+06 1.00000 
   65   65    1    1     1     1     1    1    1    1  0.00000E+00 0.00000 
   66   66    1    1     1     1     1    1    1    1  0.00000E+00 0.00000 
   67   67    1    1     1     1     1    1    1    1  0.00000E+00 0.00000 
   68   68    1    1     1     1     1    1    1    1  0.00000E+00 0.00000 
   69   69    1    1     1     1     1    1    1    1  0.00000E+00 0.00000 
   70   70    1    1     1     1     1    1    1    1  8.70528E+05 1.00000 
   71   71    1    1     1     1     1    1    1    1  1.14561E+06 0.75848 
   72   72    1    1     1     1     1    1    1    1  3.88535E+06 1.00000 
   73   73    1    1     1     1     1    1    1    1  5.14603E+06 0.77754 
   74   74    1    1     1     1     1    1    1    1  1.08368E+07 1.00000 
   75   75    1    1     1     1     1    1    1    1  0.00000E+00 0.00000 
   76   76    1    1     1     1     1    1    1    1  4.39873E+06 1.00000 
   77   77    1    1     1     1     1    1    1    1  0.00000E+00 0.00000 
   78   78    1    1     1     1     1    1    1    1  7.18217E+06 0.73272 
   79   79    1    1     1     1     1    1    1    1  6.85754E+05 1.00000 
   80   80    1    1     1     1     1    1    1    1  3.81167E+06 1.00000 
   81   81    1    1     1     1     1    1    1    1  9.29531E+05 1.00000 
   82   82    1    1     1     1     1    1    1    1  9.80547E+06 0.50717 
   83   83    1    1     1     1     1    1    1    1  8.07487E+06 0.81293 
   84   84    1    1     1     1     1    1    1    1  9.48253E+06 0.60486 
   85   85    1    1     1     1     1    1    1    1  1.40244E+07 0.49183 
   86   86    1    1     1     1     1    1    1    1  1.17725E+07 0.75373 
   87   87    1    1     1     1     1    1    1    1  4.99025E+07 0.36593 
   88   88    1    1     1     1     1    1    1    1  3.95862E+07 0.41832 
   89   89    1    1     1     1     1    1    1    1  3.38222E+07 0.34751 
   90   90    1    1     1     1     1    1    1    1  1.40945E+07 0.38936 
   91   91    1    1     1     1     1    1    1    1  2.02448E+07 0.44746 
   92   92    1    1     1     1     1    1    1    1  5.62294E+06 1.00000 
   93   93    1    1     1     1     1    1    1    1  1.77331E+07 0.61577 
   94   94    1    1     1     1     1    1    1    1  8.62642E+07 0.28796 
   95   95    1    1     1     1     1    1    1    1  5.35568E+07 0.31282 
   96   96    1    1     1     1     1    1    1    1  3.59910E+07 0.33655 
   97   97    1    1     1     1     1    1    1    1  9.18439E+07 0.24609 
   98   98    1    1     1     1     1    1    1    1  3.79420E+07 0.34496 
   99   99    1    1     1     1     1    1    1    1  3.50072E+07 0.49018 
  100  100    1    1     1     1     1    1    1    1  9.65181E+07 0.26265 
  101  101    1    1     1     1     1    1    1    1  5.10719E+07 0.29522 
  102  102    1    1     1     1     1    1    1    1  1.14458E+08 0.26238 
  103  103    1    1     1     1     1    1    1    1  5.99308E+07 0.24294 
  104  104    1    1     1     1     1    1    1    1  1.35595E+08 0.26721 
  105  105    1    1     1     1     1    1    1    1  1.31538E+08 0.22016 
