
DETspecTot = [
    1    1    1    1     1     1     1    1    1    1  0.00000E+00 0.00000 
    2    2    1    1     1     1     1    1    1    1  0.00000E+00 0.00000 
    3    3    1    1     1     1     1    1    1    1  0.00000E+00 0.00000 
    4    4    1    1     1     1     1    1    1    1  0.00000E+00 0.00000 
    5    5    1    1     1     1     1    1    1    1  0.00000E+00 0.00000 
    6    6    1    1     1     1     1    1    1    1  0.00000E+00 0.00000 
    7    7    1    1     1     1     1    1    1    1  0.00000E+00 0.00000 
    8    8    1    1     1     1     1    1    1    1  0.00000E+00 0.00000 
    9    9    1    1     1     1     1    1    1    1  0.00000E+00 0.00000 
   10   10    1    1     1     1     1    1    1    1  0.00000E+00 0.00000 
   11   11    1    1     1     1     1    1    1    1  0.00000E+00 0.00000 
   12   12    1    1     1     1     1    1    1    1  0.00000E+00 0.00000 
   13   13    1    1     1     1     1    1    1    1  0.00000E+00 0.00000 
   14   14    1    1     1     1     1    1    1    1  0.00000E+00 0.00000 
   15   15    1    1     1     1     1    1    1    1  0.00000E+00 0.00000 
   16   16    1    1     1     1     1    1    1    1  0.00000E+00 0.00000 
   17   17    1    1     1     1     1    1    1    1  0.00000E+00 0.00000 
   18   18    1    1     1     1     1    1    1    1  0.00000E+00 0.00000 
   19   19    1    1     1     1     1    1    1    1  0.00000E+00 0.00000 
   20   20    1    1     1     1     1    1    1    1  0.00000E+00 0.00000 
   21   21    1    1     1     1     1    1    1    1  1.65793E+05 1.00000 
   22   22    1    1     1     1     1    1    1    1  0.00000E+00 0.00000 
   23   23    1    1     1     1     1    1    1    1  0.00000E+00 0.00000 
   24   24    1    1     1     1     1    1    1    1  0.00000E+00 0.00000 
   25   25    1    1     1     1     1    1    1    1  0.00000E+00 0.00000 
   26   26    1    1     1     1     1    1    1    1  0.00000E+00 0.00000 
   27   27    1    1     1     1     1    1    1    1  0.00000E+00 0.00000 
   28   28    1    1     1     1     1    1    1    1  0.00000E+00 0.00000 
   29   29    1    1     1     1     1    1    1    1  0.00000E+00 0.00000 
   30   30    1    1     1     1     1    1    1    1  6.44022E+04 1.00000 
   31   31    1    1     1     1     1    1    1    1  0.00000E+00 0.00000 
   32   32    1    1     1     1     1    1    1    1  0.00000E+00 0.00000 
   33   33    1    1     1     1     1    1    1    1  0.00000E+00 0.00000 
   34   34    1    1     1     1     1    1    1    1  1.69780E+06 1.00000 
   35   35    1    1     1     1     1    1    1    1  0.00000E+00 0.00000 
   36   36    1    1     1     1     1    1    1    1  2.42568E+06 1.00000 
   37   37    1    1     1     1     1    1    1    1  0.00000E+00 0.00000 
   38   38    1    1     1     1     1    1    1    1  0.00000E+00 0.00000 
   39   39    1    1     1     1     1    1    1    1  0.00000E+00 0.00000 
   40   40    1    1     1     1     1    1    1    1  0.00000E+00 0.00000 
   41   41    1    1     1     1     1    1    1    1  0.00000E+00 0.00000 
   42   42    1    1     1     1     1    1    1    1  0.00000E+00 0.00000 
   43   43    1    1     1     1     1    1    1    1  0.00000E+00 0.00000 
   44   44    1    1     1     1     1    1    1    1  0.00000E+00 0.00000 
   45   45    1    1     1     1     1    1    1    1  1.80240E+06 1.00000 
   46   46    1    1     1     1     1    1    1    1  0.00000E+00 0.00000 
   47   47    1    1     1     1     1    1    1    1  0.00000E+00 0.00000 
   48   48    1    1     1     1     1    1    1    1  0.00000E+00 0.00000 
   49   49    1    1     1     1     1    1    1    1  0.00000E+00 0.00000 
   50   50    1    1     1     1     1    1    1    1  0.00000E+00 0.00000 
   51   51    1    1     1     1     1    1    1    1  0.00000E+00 0.00000 
   52   52    1    1     1     1     1    1    1    1  0.00000E+00 0.00000 
   53   53    1    1     1     1     1    1    1    1  0.00000E+00 0.00000 
   54   54    1    1     1     1     1    1    1    1  0.00000E+00 0.00000 
   55   55    1    1     1     1     1    1    1    1  0.00000E+00 0.00000 
   56   56    1    1     1     1     1    1    1    1  0.00000E+00 0.00000 
   57   57    1    1     1     1     1    1    1    1  0.00000E+00 0.00000 
   58   58    1    1     1     1     1    1    1    1  0.00000E+00 0.00000 
   59   59    1    1     1     1     1    1    1    1  2.21449E+06 1.00000 
   60   60    1    1     1     1     1    1    1    1  2.23716E+06 1.00000 
   61   61    1    1     1     1     1    1    1    1  0.00000E+00 0.00000 
   62   62    1    1     1     1     1    1    1    1  2.91932E+05 1.00000 
   63   63    1    1     1     1     1    1    1    1  0.00000E+00 0.00000 
   64   64    1    1     1     1     1    1    1    1  0.00000E+00 0.00000 
   65   65    1    1     1     1     1    1    1    1  4.25022E+06 0.72226 
   66   66    1    1     1     1     1    1    1    1  4.05653E+06 1.00000 
   67   67    1    1     1     1     1    1    1    1  8.70823E+06 0.58285 
   68   68    1    1     1     1     1    1    1    1  8.08002E+06 1.00000 
   69   69    1    1     1     1     1    1    1    1  6.57996E+06 1.00000 
   70   70    1    1     1     1     1    1    1    1  2.97343E+06 0.56575 
   71   71    1    1     1     1     1    1    1    1  1.27811E+06 0.58598 
   72   72    1    1     1     1     1    1    1    1  6.45722E+06 1.00000 
   73   73    1    1     1     1     1    1    1    1  2.00916E+07 0.40983 
   74   74    1    1     1     1     1    1    1    1  1.70969E+07 0.59676 
   75   75    1    1     1     1     1    1    1    1  1.43010E+06 1.00000 
   76   76    1    1     1     1     1    1    1    1  0.00000E+00 0.00000 
   77   77    1    1     1     1     1    1    1    1  2.88470E+06 1.00000 
   78   78    1    1     1     1     1    1    1    1  2.29453E+06 1.00000 
   79   79    1    1     1     1     1    1    1    1  3.14180E+06 0.58664 
   80   80    1    1     1     1     1    1    1    1  1.91458E+07 0.49309 
   81   81    1    1     1     1     1    1    1    1  2.79732E+06 0.58967 
   82   82    1    1     1     1     1    1    1    1  5.32559E+06 0.71213 
   83   83    1    1     1     1     1    1    1    1  1.90158E+07 0.51944 
   84   84    1    1     1     1     1    1    1    1  1.07662E+07 0.52174 
   85   85    1    1     1     1     1    1    1    1  8.04114E+06 0.43885 
   86   86    1    1     1     1     1    1    1    1  2.44142E+07 0.44961 
   87   87    1    1     1     1     1    1    1    1  1.85116E+06 1.00000 
   88   88    1    1     1     1     1    1    1    1  2.81535E+07 0.39370 
   89   89    1    1     1     1     1    1    1    1  4.10919E+07 0.41069 
   90   90    1    1     1     1     1    1    1    1  1.62975E+07 0.37493 
   91   91    1    1     1     1     1    1    1    1  2.27779E+07 0.34462 
   92   92    1    1     1     1     1    1    1    1  6.60146E+07 0.44657 
   93   93    1    1     1     1     1    1    1    1  3.24374E+07 0.44162 
   94   94    1    1     1     1     1    1    1    1  5.86569E+07 0.28842 
   95   95    1    1     1     1     1    1    1    1  4.21640E+07 0.36919 
   96   96    1    1     1     1     1    1    1    1  3.52927E+07 0.30468 
   97   97    1    1     1     1     1    1    1    1  9.88205E+07 0.23450 
   98   98    1    1     1     1     1    1    1    1  6.71640E+07 0.32961 
   99   99    1    1     1     1     1    1    1    1  9.33535E+07 0.31597 
  100  100    1    1     1     1     1    1    1    1  8.86559E+07 0.23451 
  101  101    1    1     1     1     1    1    1    1  1.08787E+08 0.19753 
  102  102    1    1     1     1     1    1    1    1  7.93592E+07 0.34236 
  103  103    1    1     1     1     1    1    1    1  6.61958E+07 0.27567 
  104  104    1    1     1     1     1    1    1    1  1.49119E+08 0.24135 
  105  105    1    1     1     1     1    1    1    1  2.17044E+08 0.15945 
