
DETspecTot = [
    1    1    1    1     1     1     1    1    1    1  0.00000E+00 0.00000 
    2    2    1    1     1     1     1    1    1    1  0.00000E+00 0.00000 
    3    3    1    1     1     1     1    1    1    1  0.00000E+00 0.00000 
    4    4    1    1     1     1     1    1    1    1  0.00000E+00 0.00000 
    5    5    1    1     1     1     1    1    1    1  0.00000E+00 0.00000 
    6    6    1    1     1     1     1    1    1    1  0.00000E+00 0.00000 
    7    7    1    1     1     1     1    1    1    1  0.00000E+00 0.00000 
    8    8    1    1     1     1     1    1    1    1  0.00000E+00 0.00000 
    9    9    1    1     1     1     1    1    1    1  0.00000E+00 0.00000 
   10   10    1    1     1     1     1    1    1    1  0.00000E+00 0.00000 
   11   11    1    1     1     1     1    1    1    1  0.00000E+00 0.00000 
   12   12    1    1     1     1     1    1    1    1  0.00000E+00 0.00000 
   13   13    1    1     1     1     1    1    1    1  0.00000E+00 0.00000 
   14   14    1    1     1     1     1    1    1    1  0.00000E+00 0.00000 
   15   15    1    1     1     1     1    1    1    1  0.00000E+00 0.00000 
   16   16    1    1     1     1     1    1    1    1  0.00000E+00 0.00000 
   17   17    1    1     1     1     1    1    1    1  0.00000E+00 0.00000 
   18   18    1    1     1     1     1    1    1    1  3.03273E+05 1.00000 
   19   19    1    1     1     1     1    1    1    1  0.00000E+00 0.00000 
   20   20    1    1     1     1     1    1    1    1  0.00000E+00 0.00000 
   21   21    1    1     1     1     1    1    1    1  0.00000E+00 0.00000 
   22   22    1    1     1     1     1    1    1    1  0.00000E+00 0.00000 
   23   23    1    1     1     1     1    1    1    1  0.00000E+00 0.00000 
   24   24    1    1     1     1     1    1    1    1  0.00000E+00 0.00000 
   25   25    1    1     1     1     1    1    1    1  0.00000E+00 0.00000 
   26   26    1    1     1     1     1    1    1    1  0.00000E+00 0.00000 
   27   27    1    1     1     1     1    1    1    1  0.00000E+00 0.00000 
   28   28    1    1     1     1     1    1    1    1  1.78743E+05 1.00000 
   29   29    1    1     1     1     1    1    1    1  0.00000E+00 0.00000 
   30   30    1    1     1     1     1    1    1    1  0.00000E+00 0.00000 
   31   31    1    1     1     1     1    1    1    1  7.68920E+05 1.00000 
   32   32    1    1     1     1     1    1    1    1  2.70842E+06 1.00000 
   33   33    1    1     1     1     1    1    1    1  0.00000E+00 0.00000 
   34   34    1    1     1     1     1    1    1    1  0.00000E+00 0.00000 
   35   35    1    1     1     1     1    1    1    1  0.00000E+00 0.00000 
   36   36    1    1     1     1     1    1    1    1  0.00000E+00 0.00000 
   37   37    1    1     1     1     1    1    1    1  0.00000E+00 0.00000 
   38   38    1    1     1     1     1    1    1    1  0.00000E+00 0.00000 
   39   39    1    1     1     1     1    1    1    1  0.00000E+00 0.00000 
   40   40    1    1     1     1     1    1    1    1  0.00000E+00 0.00000 
   41   41    1    1     1     1     1    1    1    1  0.00000E+00 0.00000 
   42   42    1    1     1     1     1    1    1    1  0.00000E+00 0.00000 
   43   43    1    1     1     1     1    1    1    1  0.00000E+00 0.00000 
   44   44    1    1     1     1     1    1    1    1  0.00000E+00 0.00000 
   45   45    1    1     1     1     1    1    1    1  0.00000E+00 0.00000 
   46   46    1    1     1     1     1    1    1    1  0.00000E+00 0.00000 
   47   47    1    1     1     1     1    1    1    1  1.73650E+05 1.00000 
   48   48    1    1     1     1     1    1    1    1  0.00000E+00 0.00000 
   49   49    1    1     1     1     1    1    1    1  0.00000E+00 0.00000 
   50   50    1    1     1     1     1    1    1    1  0.00000E+00 0.00000 
   51   51    1    1     1     1     1    1    1    1  0.00000E+00 0.00000 
   52   52    1    1     1     1     1    1    1    1  0.00000E+00 0.00000 
   53   53    1    1     1     1     1    1    1    1  4.56314E+06 1.00000 
   54   54    1    1     1     1     1    1    1    1  0.00000E+00 0.00000 
   55   55    1    1     1     1     1    1    1    1  0.00000E+00 0.00000 
   56   56    1    1     1     1     1    1    1    1  0.00000E+00 0.00000 
   57   57    1    1     1     1     1    1    1    1  0.00000E+00 0.00000 
   58   58    1    1     1     1     1    1    1    1  2.27886E+06 1.00000 
   59   59    1    1     1     1     1    1    1    1  0.00000E+00 0.00000 
   60   60    1    1     1     1     1    1    1    1  1.33726E+06 1.00000 
   61   61    1    1     1     1     1    1    1    1  0.00000E+00 0.00000 
   62   62    1    1     1     1     1    1    1    1  1.48340E+06 0.65854 
   63   63    1    1     1     1     1    1    1    1  3.63467E+06 0.70706 
   64   64    1    1     1     1     1    1    1    1  3.02065E+06 1.00000 
   65   65    1    1     1     1     1    1    1    1  3.67528E+06 0.70769 
   66   66    1    1     1     1     1    1    1    1  0.00000E+00 0.00000 
   67   67    1    1     1     1     1    1    1    1  1.06140E+07 0.50084 
   68   68    1    1     1     1     1    1    1    1  2.34167E+07 0.57746 
   69   69    1    1     1     1     1    1    1    1  3.30582E+06 1.00000 
   70   70    1    1     1     1     1    1    1    1  3.40140E+05 1.00000 
   71   71    1    1     1     1     1    1    1    1  1.01725E+06 0.72577 
   72   72    1    1     1     1     1    1    1    1  1.04568E+07 0.74836 
   73   73    1    1     1     1     1    1    1    1  1.08814E+06 1.00000 
   74   74    1    1     1     1     1    1    1    1  2.20000E+07 0.56327 
   75   75    1    1     1     1     1    1    1    1  2.83774E+06 0.72588 
   76   76    1    1     1     1     1    1    1    1  0.00000E+00 0.00000 
   77   77    1    1     1     1     1    1    1    1  9.01460E+06 0.71194 
   78   78    1    1     1     1     1    1    1    1  1.43076E+07 0.51561 
   79   79    1    1     1     1     1    1    1    1  9.04432E+06 0.52424 
   80   80    1    1     1     1     1    1    1    1  1.45210E+07 0.39770 
   81   81    1    1     1     1     1    1    1    1  3.34215E+06 0.58180 
   82   82    1    1     1     1     1    1    1    1  2.47935E+07 0.39614 
   83   83    1    1     1     1     1    1    1    1  4.33066E+07 0.39571 
   84   84    1    1     1     1     1    1    1    1  2.47736E+07 0.35792 
   85   85    1    1     1     1     1    1    1    1  2.69671E+07 0.31074 
   86   86    1    1     1     1     1    1    1    1  3.26949E+07 0.41288 
   87   87    1    1     1     1     1    1    1    1  6.70931E+07 0.27420 
   88   88    1    1     1     1     1    1    1    1  2.42262E+07 0.50521 
   89   89    1    1     1     1     1    1    1    1  5.74524E+07 0.31406 
   90   90    1    1     1     1     1    1    1    1  2.04709E+07 0.35109 
   91   91    1    1     1     1     1    1    1    1  4.01480E+07 0.31883 
   92   92    1    1     1     1     1    1    1    1  3.97525E+07 0.41805 
   93   93    1    1     1     1     1    1    1    1  2.43302E+07 0.50831 
   94   94    1    1     1     1     1    1    1    1  7.13945E+07 0.28617 
   95   95    1    1     1     1     1    1    1    1  6.47787E+07 0.22343 
   96   96    1    1     1     1     1    1    1    1  8.75383E+07 0.24681 
   97   97    1    1     1     1     1    1    1    1  1.29964E+08 0.19439 
   98   98    1    1     1     1     1    1    1    1  6.08545E+07 0.34297 
   99   99    1    1     1     1     1    1    1    1  9.86201E+07 0.26650 
  100  100    1    1     1     1     1    1    1    1  1.19420E+08 0.18794 
  101  101    1    1     1     1     1    1    1    1  1.65977E+08 0.21541 
  102  102    1    1     1     1     1    1    1    1  1.96209E+08 0.28633 
  103  103    1    1     1     1     1    1    1    1  1.33758E+08 0.17242 
  104  104    1    1     1     1     1    1    1    1  1.39271E+08 0.26197 
  105  105    1    1     1     1     1    1    1    1  2.17489E+08 0.17306 
