
ZAI = [
666
0
];

NAMES = [
'lost            '
'total           '
];

iLOST    = 1;
iTOT     = 2;

MAT_LiCl_AnCl3_UOX_VOLUME = [ 1.00000E+00 1.00000E+00 1.00000E+00 1.00000E+00 1.00000E+00 1.00000E+00 1.00000E+00 1.00000E+00 1.00000E+00 1.00000E+00 1.00000E+00 1.00000E+00 1.00000E+00 1.00000E+00 1.00000E+00 1.00000E+00 1.00000E+00 1.00000E+00 1.00000E+00 1.00000E+00 1.00000E+00 1.00000E+00 1.00000E+00 1.00000E+00 1.00000E+00 1.00000E+00 1.00000E+00 ];

MAT_LiCl_AnCl3_UOX_BURNUP = [ 0.00000E+00 5.00031E+00 1.00006E+01 2.00012E+01 3.00018E+01 4.00023E+01 5.00028E+01 6.00033E+01 7.00037E+01 8.00042E+01 9.00046E+01 1.00005E+02 1.10005E+02 1.20006E+02 1.30006E+02 1.40006E+02 1.50007E+02 1.60007E+02 1.70007E+02 1.80007E+02 1.90008E+02 2.00008E+02 2.10008E+02 2.20008E+02 2.30008E+02 2.40008E+02 2.50009E+02 ];

MAT_LiCl_AnCl3_UOX_ADENS = [
0.00000E+00 3.56613E-13 1.04962E-12 2.68600E-12 4.36135E-12 6.01247E-12 7.63397E-12 9.22637E-12 1.07912E-11 1.23290E-11 1.38413E-11 1.53287E-11 1.67917E-11 1.82311E-11 1.96481E-11 2.10437E-11 2.24170E-11 2.37690E-11 2.51012E-11 2.64133E-11 2.77055E-11 2.89785E-11 3.02324E-11 3.14678E-11 3.26843E-11 3.38831E-11 3.50639E-11 % lost data
3.82868E-02 3.83238E-02 3.83663E-02 3.84557E-02 3.85461E-02 3.86365E-02 3.87267E-02 3.88169E-02 3.89069E-02 3.89968E-02 3.90866E-02 3.91763E-02 3.92659E-02 3.93554E-02 3.94449E-02 3.95343E-02 3.96236E-02 3.97128E-02 3.98020E-02 3.98911E-02 3.99802E-02 4.00692E-02 4.01582E-02 4.02471E-02 4.03360E-02 4.04248E-02 4.05136E-02 % total
];

MAT_LiCl_AnCl3_UOX_MDENS = [
0.00000E+00 0.00000E+00 0.00000E+00 0.00000E+00 0.00000E+00 0.00000E+00 0.00000E+00 0.00000E+00 0.00000E+00 0.00000E+00 0.00000E+00 0.00000E+00 0.00000E+00 0.00000E+00 0.00000E+00 0.00000E+00 0.00000E+00 0.00000E+00 0.00000E+00 0.00000E+00 0.00000E+00 0.00000E+00 0.00000E+00 0.00000E+00 0.00000E+00 0.00000E+00 0.00000E+00 % lost data
3.31760E+00 3.31758E+00 3.31756E+00 3.31752E+00 3.31749E+00 3.31745E+00 3.31742E+00 3.31738E+00 3.31735E+00 3.31732E+00 3.31729E+00 3.31726E+00 3.31723E+00 3.31720E+00 3.31717E+00 3.31715E+00 3.31712E+00 3.31709E+00 3.31707E+00 3.31705E+00 3.31703E+00 3.31701E+00 3.31699E+00 3.31697E+00 3.31695E+00 3.31693E+00 3.31692E+00 % total
];

MAT_LiCl_AnCl3_UOX_A = [
0.00000E+00 0.00000E+00 0.00000E+00 0.00000E+00 0.00000E+00 0.00000E+00 0.00000E+00 0.00000E+00 0.00000E+00 0.00000E+00 0.00000E+00 0.00000E+00 0.00000E+00 0.00000E+00 0.00000E+00 0.00000E+00 0.00000E+00 0.00000E+00 0.00000E+00 0.00000E+00 0.00000E+00 0.00000E+00 0.00000E+00 0.00000E+00 0.00000E+00 0.00000E+00 0.00000E+00 % lost data
1.64710E+11 7.74335E+12 7.93599E+12 8.04377E+12 8.06035E+12 8.05744E+12 8.05465E+12 8.04804E+12 8.04278E+12 8.03478E+12 8.02928E+12 8.02150E+12 8.01358E+12 8.00636E+12 7.99995E+12 7.99364E+12 7.98401E+12 7.97761E+12 7.97184E+12 7.96376E+12 7.95731E+12 7.95012E+12 7.94349E+12 7.93741E+12 7.92941E+12 7.92481E+12 7.91781E+12 % total
];

MAT_LiCl_AnCl3_UOX_H = [
0.00000E+00 0.00000E+00 0.00000E+00 0.00000E+00 0.00000E+00 0.00000E+00 0.00000E+00 0.00000E+00 0.00000E+00 0.00000E+00 0.00000E+00 0.00000E+00 0.00000E+00 0.00000E+00 0.00000E+00 0.00000E+00 0.00000E+00 0.00000E+00 0.00000E+00 0.00000E+00 0.00000E+00 0.00000E+00 0.00000E+00 0.00000E+00 0.00000E+00 0.00000E+00 0.00000E+00 % lost data
1.51219E-01 2.49050E+00 2.63618E+00 2.70392E+00 2.70776E+00 2.70279E+00 2.69806E+00 2.69245E+00 2.68740E+00 2.68158E+00 2.67651E+00 2.67075E+00 2.66487E+00 2.65911E+00 2.65356E+00 2.64794E+00 2.64121E+00 2.63531E+00 2.62952E+00 2.62293E+00 2.61666E+00 2.61008E+00 2.60351E+00 2.59697E+00 2.58974E+00 2.58334E+00 2.57615E+00 % total
];

MAT_LiCl_AnCl3_UOX_SF = [
0.00000E+00 0.00000E+00 0.00000E+00 0.00000E+00 0.00000E+00 0.00000E+00 0.00000E+00 0.00000E+00 0.00000E+00 0.00000E+00 0.00000E+00 0.00000E+00 0.00000E+00 0.00000E+00 0.00000E+00 0.00000E+00 0.00000E+00 0.00000E+00 0.00000E+00 0.00000E+00 0.00000E+00 0.00000E+00 0.00000E+00 0.00000E+00 0.00000E+00 0.00000E+00 0.00000E+00 % lost data
8.46978E+04 1.11625E+05 1.21491E+05 1.27199E+05 1.29126E+05 1.30332E+05 1.31340E+05 1.32127E+05 1.32774E+05 1.33230E+05 1.33589E+05 1.33789E+05 1.33865E+05 1.33848E+05 1.33750E+05 1.33571E+05 1.33256E+05 1.32912E+05 1.32520E+05 1.32032E+05 1.31509E+05 1.30928E+05 1.30305E+05 1.29652E+05 1.28928E+05 1.28218E+05 1.27445E+05 % total
];

MAT_LiCl_AnCl3_UOX_GSRC = [
0.00000E+00 0.00000E+00 0.00000E+00 0.00000E+00 0.00000E+00 0.00000E+00 0.00000E+00 0.00000E+00 0.00000E+00 0.00000E+00 0.00000E+00 0.00000E+00 0.00000E+00 0.00000E+00 0.00000E+00 0.00000E+00 0.00000E+00 0.00000E+00 0.00000E+00 0.00000E+00 0.00000E+00 0.00000E+00 0.00000E+00 0.00000E+00 0.00000E+00 0.00000E+00 0.00000E+00 % lost data
7.73242E+10 8.57932E+12 8.59535E+12 8.60564E+12 8.59191E+12 8.57542E+12 8.56223E+12 8.54806E+12 8.53587E+12 8.52287E+12 8.51210E+12 8.50056E+12 8.48960E+12 8.47951E+12 8.47041E+12 8.46172E+12 8.45147E+12 8.44359E+12 8.43628E+12 8.42789E+12 8.42084E+12 8.41349E+12 8.40677E+12 8.40053E+12 8.39334E+12 8.38840E+12 8.38208E+12 % total
];

MAT_LiCl_AnCl3_UOX_ING_TOX = [
0.00000E+00 0.00000E+00 0.00000E+00 0.00000E+00 0.00000E+00 0.00000E+00 0.00000E+00 0.00000E+00 0.00000E+00 0.00000E+00 0.00000E+00 0.00000E+00 0.00000E+00 0.00000E+00 0.00000E+00 0.00000E+00 0.00000E+00 0.00000E+00 0.00000E+00 0.00000E+00 0.00000E+00 0.00000E+00 0.00000E+00 0.00000E+00 0.00000E+00 0.00000E+00 0.00000E+00 % lost data
2.79303E+04 3.75302E+04 4.05913E+04 4.39779E+04 4.64841E+04 4.87031E+04 5.07565E+04 5.26470E+04 5.44001E+04 5.60087E+04 5.74987E+04 5.88602E+04 6.01044E+04 6.12414E+04 6.22780E+04 6.32171E+04 6.40484E+04 6.47993E+04 6.54683E+04 6.60472E+04 6.65519E+04 6.69791E+04 6.73353E+04 6.76249E+04 6.78405E+04 6.80037E+04 6.80985E+04 % total
];

MAT_LiCl_AnCl3_UOX_INH_TOX = [
0.00000E+00 0.00000E+00 0.00000E+00 0.00000E+00 0.00000E+00 0.00000E+00 0.00000E+00 0.00000E+00 0.00000E+00 0.00000E+00 0.00000E+00 0.00000E+00 0.00000E+00 0.00000E+00 0.00000E+00 0.00000E+00 0.00000E+00 0.00000E+00 0.00000E+00 0.00000E+00 0.00000E+00 0.00000E+00 0.00000E+00 0.00000E+00 0.00000E+00 0.00000E+00 0.00000E+00 % lost data
1.33700E+07 1.63096E+07 1.77255E+07 1.92788E+07 2.04369E+07 2.14691E+07 2.24259E+07 2.33073E+07 2.41237E+07 2.48721E+07 2.55640E+07 2.61953E+07 2.67709E+07 2.72957E+07 2.77727E+07 2.82035E+07 2.85837E+07 2.89252E+07 2.92279E+07 2.94881E+07 2.97130E+07 2.99012E+07 3.00557E+07 3.01785E+07 3.02665E+07 3.03291E+07 3.03597E+07 % total
];

TOT_VOLUME = [ 1.00000E+00 1.00000E+00 1.00000E+00 1.00000E+00 1.00000E+00 1.00000E+00 1.00000E+00 1.00000E+00 1.00000E+00 1.00000E+00 1.00000E+00 1.00000E+00 1.00000E+00 1.00000E+00 1.00000E+00 1.00000E+00 1.00000E+00 1.00000E+00 1.00000E+00 1.00000E+00 1.00000E+00 1.00000E+00 1.00000E+00 1.00000E+00 1.00000E+00 1.00000E+00 1.00000E+00 ];

TOT_BURNUP = [ 0.00000E+00 5.00031E+00 1.00006E+01 2.00012E+01 3.00018E+01 4.00023E+01 5.00028E+01 6.00033E+01 7.00037E+01 8.00042E+01 9.00046E+01 1.00005E+02 1.10005E+02 1.20006E+02 1.30006E+02 1.40006E+02 1.50007E+02 1.60007E+02 1.70007E+02 1.80007E+02 1.90008E+02 2.00008E+02 2.10008E+02 2.20008E+02 2.30008E+02 2.40008E+02 2.50009E+02 ];

TOT_ADENS = [
0.00000E+00 3.56613E-13 1.04962E-12 2.68600E-12 4.36135E-12 6.01247E-12 7.63397E-12 9.22637E-12 1.07912E-11 1.23290E-11 1.38413E-11 1.53287E-11 1.67917E-11 1.82311E-11 1.96481E-11 2.10437E-11 2.24170E-11 2.37690E-11 2.51012E-11 2.64133E-11 2.77055E-11 2.89785E-11 3.02324E-11 3.14678E-11 3.26843E-11 3.38831E-11 3.50639E-11 % lost data
3.82868E-02 3.83238E-02 3.83663E-02 3.84557E-02 3.85461E-02 3.86365E-02 3.87267E-02 3.88169E-02 3.89069E-02 3.89968E-02 3.90866E-02 3.91763E-02 3.92659E-02 3.93554E-02 3.94449E-02 3.95343E-02 3.96236E-02 3.97128E-02 3.98020E-02 3.98911E-02 3.99802E-02 4.00692E-02 4.01582E-02 4.02471E-02 4.03360E-02 4.04248E-02 4.05136E-02 % total
];

