
DETspecTot = [
    1    1    1    1     1     1     1    1    1    1  0.00000E+00 0.00000 
    2    2    1    1     1     1     1    1    1    1  0.00000E+00 0.00000 
    3    3    1    1     1     1     1    1    1    1  0.00000E+00 0.00000 
    4    4    1    1     1     1     1    1    1    1  0.00000E+00 0.00000 
    5    5    1    1     1     1     1    1    1    1  0.00000E+00 0.00000 
    6    6    1    1     1     1     1    1    1    1  0.00000E+00 0.00000 
    7    7    1    1     1     1     1    1    1    1  0.00000E+00 0.00000 
    8    8    1    1     1     1     1    1    1    1  0.00000E+00 0.00000 
    9    9    1    1     1     1     1    1    1    1  0.00000E+00 0.00000 
   10   10    1    1     1     1     1    1    1    1  0.00000E+00 0.00000 
   11   11    1    1     1     1     1    1    1    1  0.00000E+00 0.00000 
   12   12    1    1     1     1     1    1    1    1  0.00000E+00 0.00000 
   13   13    1    1     1     1     1    1    1    1  0.00000E+00 0.00000 
   14   14    1    1     1     1     1    1    1    1  0.00000E+00 0.00000 
   15   15    1    1     1     1     1    1    1    1  0.00000E+00 0.00000 
   16   16    1    1     1     1     1    1    1    1  1.91773E+05 1.00000 
   17   17    1    1     1     1     1    1    1    1  2.06716E+05 1.00000 
   18   18    1    1     1     1     1    1    1    1  2.63914E+05 1.00000 
   19   19    1    1     1     1     1    1    1    1  2.77029E+05 1.00000 
   20   20    1    1     1     1     1    1    1    1  3.24629E+05 1.00000 
   21   21    1    1     1     1     1    1    1    1  1.49148E+05 1.00000 
   22   22    1    1     1     1     1    1    1    1  1.27447E+05 1.00000 
   23   23    1    1     1     1     1    1    1    1  1.81385E+05 1.00000 
   24   24    1    1     1     1     1    1    1    1  4.53348E+05 1.00000 
   25   25    1    1     1     1     1    1    1    1  0.00000E+00 0.00000 
   26   26    1    1     1     1     1    1    1    1  0.00000E+00 0.00000 
   27   27    1    1     1     1     1    1    1    1  5.23115E+05 0.70968 
   28   28    1    1     1     1     1    1    1    1  0.00000E+00 0.00000 
   29   29    1    1     1     1     1    1    1    1  0.00000E+00 0.00000 
   30   30    1    1     1     1     1    1    1    1  8.76333E+04 1.00000 
   31   31    1    1     1     1     1    1    1    1  6.06617E+05 1.00000 
   32   32    1    1     1     1     1    1    1    1  6.03561E+06 0.70713 
   33   33    1    1     1     1     1    1    1    1  1.97770E+06 0.70775 
   34   34    1    1     1     1     1    1    1    1  1.36085E+06 1.00000 
   35   35    1    1     1     1     1    1    1    1  1.06321E+07 0.70712 
   36   36    1    1     1     1     1    1    1    1  5.21005E+06 0.74765 
   37   37    1    1     1     1     1    1    1    1  1.45941E+06 1.00000 
   38   38    1    1     1     1     1    1    1    1  1.60961E+06 1.00000 
   39   39    1    1     1     1     1    1    1    1  1.48109E+06 0.70999 
   40   40    1    1     1     1     1    1    1    1  4.26540E+05 1.00000 
   41   41    1    1     1     1     1    1    1    1  0.00000E+00 0.00000 
   42   42    1    1     1     1     1    1    1    1  0.00000E+00 0.00000 
   43   43    1    1     1     1     1    1    1    1  0.00000E+00 0.00000 
   44   44    1    1     1     1     1    1    1    1  5.90579E+06 0.70708 
   45   45    1    1     1     1     1    1    1    1  2.50970E+06 0.70704 
   46   46    1    1     1     1     1    1    1    1  1.06377E+06 0.72951 
   47   47    1    1     1     1     1    1    1    1  1.65696E+05 1.00000 
   48   48    1    1     1     1     1    1    1    1  0.00000E+00 0.00000 
   49   49    1    1     1     1     1    1    1    1  0.00000E+00 0.00000 
   50   50    1    1     1     1     1    1    1    1  0.00000E+00 0.00000 
   51   51    1    1     1     1     1    1    1    1  6.59378E+05 1.00000 
   52   52    1    1     1     1     1    1    1    1  2.41459E+06 0.70918 
   53   53    1    1     1     1     1    1    1    1  1.01177E+07 0.50000 
   54   54    1    1     1     1     1    1    1    1  6.69790E+06 0.63078 
   55   55    1    1     1     1     1    1    1    1  2.20641E+06 1.00000 
   56   56    1    1     1     1     1    1    1    1  0.00000E+00 0.00000 
   57   57    1    1     1     1     1    1    1    1  1.12747E+06 1.00000 
   58   58    1    1     1     1     1    1    1    1  8.94787E+06 0.61202 
   59   59    1    1     1     1     1    1    1    1  1.43545E+07 0.50086 
   60   60    1    1     1     1     1    1    1    1  1.91659E+07 0.33911 
   61   61    1    1     1     1     1    1    1    1  3.14492E+07 0.70709 
   62   62    1    1     1     1     1    1    1    1  6.96848E+06 0.29004 
   63   63    1    1     1     1     1    1    1    1  1.90103E+07 0.36380 
   64   64    1    1     1     1     1    1    1    1  3.63276E+07 0.32447 
   65   65    1    1     1     1     1    1    1    1  2.21258E+07 0.25971 
   66   66    1    1     1     1     1    1    1    1  1.15869E+07 0.49846 
   67   67    1    1     1     1     1    1    1    1  4.22560E+07 0.31155 
   68   68    1    1     1     1     1    1    1    1  2.63492E+07 0.49991 
   69   69    1    1     1     1     1    1    1    1  2.16987E+07 0.33805 
   70   70    1    1     1     1     1    1    1    1  1.15771E+07 0.26650 
   71   71    1    1     1     1     1    1    1    1  2.55384E+07 0.24796 
   72   72    1    1     1     1     1    1    1    1  5.11855E+07 0.28935 
   73   73    1    1     1     1     1    1    1    1  5.14557E+07 0.28374 
   74   74    1    1     1     1     1    1    1    1  5.15986E+07 0.26605 
   75   75    1    1     1     1     1    1    1    1  2.06222E+07 0.25793 
   76   76    1    1     1     1     1    1    1    1  3.35541E+07 0.29117 
   77   77    1    1     1     1     1    1    1    1  7.08078E+07 0.30065 
   78   78    1    1     1     1     1    1    1    1  3.49894E+07 0.33026 
   79   79    1    1     1     1     1    1    1    1  4.94572E+07 0.21541 
   80   80    1    1     1     1     1    1    1    1  5.13577E+07 0.22356 
   81   81    1    1     1     1     1    1    1    1  2.02179E+07 0.26926 
   82   82    1    1     1     1     1    1    1    1  7.49392E+07 0.22968 
   83   83    1    1     1     1     1    1    1    1  1.18143E+08 0.19506 
   84   84    1    1     1     1     1    1    1    1  7.57397E+07 0.18888 
   85   85    1    1     1     1     1    1    1    1  1.13760E+08 0.14994 
   86   86    1    1     1     1     1    1    1    1  1.87603E+08 0.20934 
   87   87    1    1     1     1     1    1    1    1  1.72574E+08 0.15890 
   88   88    1    1     1     1     1    1    1    1  2.69231E+08 0.16018 
   89   89    1    1     1     1     1    1    1    1  2.29805E+08 0.13601 
   90   90    1    1     1     1     1    1    1    1  1.65425E+08 0.13145 
   91   91    1    1     1     1     1    1    1    1  2.60071E+08 0.11991 
   92   92    1    1     1     1     1    1    1    1  3.03822E+08 0.15819 
   93   93    1    1     1     1     1    1    1    1  3.59325E+08 0.16161 
   94   94    1    1     1     1     1    1    1    1  3.72398E+08 0.10899 
   95   95    1    1     1     1     1    1    1    1  4.55466E+08 0.11586 
   96   96    1    1     1     1     1    1    1    1  3.33305E+08 0.12083 
   97   97    1    1     1     1     1    1    1    1  4.58684E+08 0.08226 
   98   98    1    1     1     1     1    1    1    1  5.37983E+08 0.11954 
   99   99    1    1     1     1     1    1    1    1  5.91557E+08 0.12833 
  100  100    1    1     1     1     1    1    1    1  7.16462E+08 0.08793 
  101  101    1    1     1     1     1    1    1    1  7.17999E+08 0.08017 
  102  102    1    1     1     1     1    1    1    1  8.64818E+08 0.12461 
  103  103    1    1     1     1     1    1    1    1  7.07390E+08 0.08037 
  104  104    1    1     1     1     1    1    1    1  1.14079E+09 0.09889 
  105  105    1    1     1     1     1    1    1    1  1.55012E+09 0.06640 
