
DETspecTot = [
    1    1    1    1     1     1     1    1    1    1  0.00000E+00 0.00000 
    2    2    1    1     1     1     1    1    1    1  0.00000E+00 0.00000 
    3    3    1    1     1     1     1    1    1    1  0.00000E+00 0.00000 
    4    4    1    1     1     1     1    1    1    1  0.00000E+00 0.00000 
    5    5    1    1     1     1     1    1    1    1  0.00000E+00 0.00000 
    6    6    1    1     1     1     1    1    1    1  0.00000E+00 0.00000 
    7    7    1    1     1     1     1    1    1    1  0.00000E+00 0.00000 
    8    8    1    1     1     1     1    1    1    1  0.00000E+00 0.00000 
    9    9    1    1     1     1     1    1    1    1  0.00000E+00 0.00000 
   10   10    1    1     1     1     1    1    1    1  0.00000E+00 0.00000 
   11   11    1    1     1     1     1    1    1    1  0.00000E+00 0.00000 
   12   12    1    1     1     1     1    1    1    1  0.00000E+00 0.00000 
   13   13    1    1     1     1     1    1    1    1  0.00000E+00 0.00000 
   14   14    1    1     1     1     1    1    1    1  0.00000E+00 0.00000 
   15   15    1    1     1     1     1    1    1    1  0.00000E+00 0.00000 
   16   16    1    1     1     1     1    1    1    1  0.00000E+00 0.00000 
   17   17    1    1     1     1     1    1    1    1  0.00000E+00 0.00000 
   18   18    1    1     1     1     1    1    1    1  0.00000E+00 0.00000 
   19   19    1    1     1     1     1    1    1    1  0.00000E+00 0.00000 
   20   20    1    1     1     1     1    1    1    1  0.00000E+00 0.00000 
   21   21    1    1     1     1     1    1    1    1  0.00000E+00 0.00000 
   22   22    1    1     1     1     1    1    1    1  0.00000E+00 0.00000 
   23   23    1    1     1     1     1    1    1    1  8.83139E+04 1.00000 
   24   24    1    1     1     1     1    1    1    1  0.00000E+00 0.00000 
   25   25    1    1     1     1     1    1    1    1  0.00000E+00 0.00000 
   26   26    1    1     1     1     1    1    1    1  0.00000E+00 0.00000 
   27   27    1    1     1     1     1    1    1    1  0.00000E+00 0.00000 
   28   28    1    1     1     1     1    1    1    1  1.96104E+05 1.00000 
   29   29    1    1     1     1     1    1    1    1  0.00000E+00 0.00000 
   30   30    1    1     1     1     1    1    1    1  0.00000E+00 0.00000 
   31   31    1    1     1     1     1    1    1    1  8.57424E+05 1.00000 
   32   32    1    1     1     1     1    1    1    1  0.00000E+00 0.00000 
   33   33    1    1     1     1     1    1    1    1  2.08973E+06 0.70706 
   34   34    1    1     1     1     1    1    1    1  0.00000E+00 0.00000 
   35   35    1    1     1     1     1    1    1    1  0.00000E+00 0.00000 
   36   36    1    1     1     1     1    1    1    1  0.00000E+00 0.00000 
   37   37    1    1     1     1     1    1    1    1  0.00000E+00 0.00000 
   38   38    1    1     1     1     1    1    1    1  1.61422E+06 1.00000 
   39   39    1    1     1     1     1    1    1    1  9.50879E+05 1.00000 
   40   40    1    1     1     1     1    1    1    1  6.77109E+05 1.00000 
   41   41    1    1     1     1     1    1    1    1  0.00000E+00 0.00000 
   42   42    1    1     1     1     1    1    1    1  0.00000E+00 0.00000 
   43   43    1    1     1     1     1    1    1    1  0.00000E+00 0.00000 
   44   44    1    1     1     1     1    1    1    1  3.22926E+06 1.00000 
   45   45    1    1     1     1     1    1    1    1  0.00000E+00 0.00000 
   46   46    1    1     1     1     1    1    1    1  6.61958E+05 1.00000 
   47   47    1    1     1     1     1    1    1    1  1.70500E+05 1.00000 
   48   48    1    1     1     1     1    1    1    1  1.98022E+05 1.00000 
   49   49    1    1     1     1     1    1    1    1  4.56725E+05 1.00000 
   50   50    1    1     1     1     1    1    1    1  0.00000E+00 0.00000 
   51   51    1    1     1     1     1    1    1    1  4.66616E+05 1.00000 
   52   52    1    1     1     1     1    1    1    1  1.75786E+06 1.00000 
   53   53    1    1     1     1     1    1    1    1  0.00000E+00 0.00000 
   54   54    1    1     1     1     1    1    1    1  0.00000E+00 0.00000 
   55   55    1    1     1     1     1    1    1    1  0.00000E+00 0.00000 
   56   56    1    1     1     1     1    1    1    1  0.00000E+00 0.00000 
   57   57    1    1     1     1     1    1    1    1  3.76314E+06 0.70777 
   58   58    1    1     1     1     1    1    1    1  9.06252E+05 1.00000 
   59   59    1    1     1     1     1    1    1    1  1.05681E+07 0.74614 
   60   60    1    1     1     1     1    1    1    1  6.61288E+06 0.51086 
   61   61    1    1     1     1     1    1    1    1  0.00000E+00 0.00000 
   62   62    1    1     1     1     1    1    1    1  5.50098E+05 0.72071 
   63   63    1    1     1     1     1    1    1    1  6.94456E+06 0.59495 
   64   64    1    1     1     1     1    1    1    1  1.42160E+07 0.45014 
   65   65    1    1     1     1     1    1    1    1  1.05395E+07 0.51773 
   66   66    1    1     1     1     1    1    1    1  1.15305E+06 1.00000 
   67   67    1    1     1     1     1    1    1    1  1.43873E+07 0.53039 
   68   68    1    1     1     1     1    1    1    1  2.10091E+07 0.57726 
   69   69    1    1     1     1     1    1    1    1  1.40328E+07 0.41961 
   70   70    1    1     1     1     1    1    1    1  3.29757E+06 0.44200 
   71   71    1    1     1     1     1    1    1    1  4.01939E+06 0.56078 
   72   72    1    1     1     1     1    1    1    1  1.54672E+07 0.45232 
   73   73    1    1     1     1     1    1    1    1  2.86247E+07 0.43330 
   74   74    1    1     1     1     1    1    1    1  4.56584E+07 0.32768 
   75   75    1    1     1     1     1    1    1    1  3.63496E+06 0.58376 
   76   76    1    1     1     1     1    1    1    1  9.33990E+06 0.50236 
   77   77    1    1     1     1     1    1    1    1  3.98330E+07 0.38312 
   78   78    1    1     1     1     1    1    1    1  3.63553E+06 1.00000 
   79   79    1    1     1     1     1    1    1    1  2.64576E+07 0.36651 
   80   80    1    1     1     1     1    1    1    1  5.51013E+07 0.28978 
   81   81    1    1     1     1     1    1    1    1  6.94691E+06 0.41275 
   82   82    1    1     1     1     1    1    1    1  5.86880E+07 0.27889 
   83   83    1    1     1     1     1    1    1    1  5.88338E+07 0.27268 
   84   84    1    1     1     1     1    1    1    1  4.55559E+07 0.29612 
   85   85    1    1     1     1     1    1    1    1  4.10686E+07 0.24280 
   86   86    1    1     1     1     1    1    1    1  1.59364E+08 0.22210 
   87   87    1    1     1     1     1    1    1    1  9.17374E+07 0.23122 
   88   88    1    1     1     1     1    1    1    1  9.78203E+07 0.29172 
   89   89    1    1     1     1     1    1    1    1  8.00603E+07 0.25130 
   90   90    1    1     1     1     1    1    1    1  6.30207E+07 0.20026 
   91   91    1    1     1     1     1    1    1    1  1.66578E+08 0.17154 
   92   92    1    1     1     1     1    1    1    1  2.17381E+08 0.18888 
   93   93    1    1     1     1     1    1    1    1  1.57873E+08 0.22745 
   94   94    1    1     1     1     1    1    1    1  1.58047E+08 0.17841 
   95   95    1    1     1     1     1    1    1    1  1.88204E+08 0.17144 
   96   96    1    1     1     1     1    1    1    1  1.37557E+08 0.18893 
   97   97    1    1     1     1     1    1    1    1  1.92130E+08 0.13465 
   98   98    1    1     1     1     1    1    1    1  1.47941E+08 0.18272 
   99   99    1    1     1     1     1    1    1    1  2.03106E+08 0.21953 
  100  100    1    1     1     1     1    1    1    1  2.72426E+08 0.13363 
  101  101    1    1     1     1     1    1    1    1  3.51233E+08 0.12088 
  102  102    1    1     1     1     1    1    1    1  3.00068E+08 0.20439 
  103  103    1    1     1     1     1    1    1    1  2.69259E+08 0.13978 
  104  104    1    1     1     1     1    1    1    1  4.60335E+08 0.15919 
  105  105    1    1     1     1     1    1    1    1  7.21939E+08 0.09869 
