
DETspecTot = [
    1    1    1    1     1     1     1    1    1    1  0.00000E+00 0.00000 
    2    2    1    1     1     1     1    1    1    1  0.00000E+00 0.00000 
    3    3    1    1     1     1     1    1    1    1  0.00000E+00 0.00000 
    4    4    1    1     1     1     1    1    1    1  0.00000E+00 0.00000 
    5    5    1    1     1     1     1    1    1    1  0.00000E+00 0.00000 
    6    6    1    1     1     1     1    1    1    1  0.00000E+00 0.00000 
    7    7    1    1     1     1     1    1    1    1  5.01509E+04 1.00000 
    8    8    1    1     1     1     1    1    1    1  0.00000E+00 0.00000 
    9    9    1    1     1     1     1    1    1    1  0.00000E+00 0.00000 
   10   10    1    1     1     1     1    1    1    1  0.00000E+00 0.00000 
   11   11    1    1     1     1     1    1    1    1  8.42561E+04 1.00000 
   12   12    1    1     1     1     1    1    1    1  0.00000E+00 0.00000 
   13   13    1    1     1     1     1    1    1    1  0.00000E+00 0.00000 
   14   14    1    1     1     1     1    1    1    1  0.00000E+00 0.00000 
   15   15    1    1     1     1     1    1    1    1  0.00000E+00 0.00000 
   16   16    1    1     1     1     1    1    1    1  0.00000E+00 0.00000 
   17   17    1    1     1     1     1    1    1    1  2.12042E+05 1.00000 
   18   18    1    1     1     1     1    1    1    1  0.00000E+00 0.00000 
   19   19    1    1     1     1     1    1    1    1  2.71085E+05 1.00000 
   20   20    1    1     1     1     1    1    1    1  0.00000E+00 0.00000 
   21   21    1    1     1     1     1    1    1    1  2.14190E+05 1.00000 
   22   22    1    1     1     1     1    1    1    1  8.66615E+04 1.00000 
   23   23    1    1     1     1     1    1    1    1  2.04297E+05 1.00000 
   24   24    1    1     1     1     1    1    1    1  3.48334E+05 1.00000 
   25   25    1    1     1     1     1    1    1    1  0.00000E+00 0.00000 
   26   26    1    1     1     1     1    1    1    1  0.00000E+00 0.00000 
   27   27    1    1     1     1     1    1    1    1  0.00000E+00 0.00000 
   28   28    1    1     1     1     1    1    1    1  2.13639E+05 1.00000 
   29   29    1    1     1     1     1    1    1    1  0.00000E+00 0.00000 
   30   30    1    1     1     1     1    1    1    1  2.01428E+05 1.00000 
   31   31    1    1     1     1     1    1    1    1  1.27997E+06 0.73479 
   32   32    1    1     1     1     1    1    1    1  7.99953E+06 0.74431 
   33   33    1    1     1     1     1    1    1    1  0.00000E+00 0.00000 
   34   34    1    1     1     1     1    1    1    1  0.00000E+00 0.00000 
   35   35    1    1     1     1     1    1    1    1  5.51998E+06 1.00000 
   36   36    1    1     1     1     1    1    1    1  5.23426E+06 0.74469 
   37   37    1    1     1     1     1    1    1    1  1.03196E+06 1.00000 
   38   38    1    1     1     1     1    1    1    1  1.54754E+06 1.00000 
   39   39    1    1     1     1     1    1    1    1  9.25560E+05 1.00000 
   40   40    1    1     1     1     1    1    1    1  4.43221E+05 1.00000 
   41   41    1    1     1     1     1    1    1    1  0.00000E+00 0.00000 
   42   42    1    1     1     1     1    1    1    1  0.00000E+00 0.00000 
   43   43    1    1     1     1     1    1    1    1  1.49941E+06 1.00000 
   44   44    1    1     1     1     1    1    1    1  2.71224E+06 1.00000 
   45   45    1    1     1     1     1    1    1    1  1.33050E+06 1.00000 
   46   46    1    1     1     1     1    1    1    1  8.09949E+05 1.00000 
   47   47    1    1     1     1     1    1    1    1  1.79576E+05 1.00000 
   48   48    1    1     1     1     1    1    1    1  2.29818E+05 1.00000 
   49   49    1    1     1     1     1    1    1    1  7.50006E+05 0.70741 
   50   50    1    1     1     1     1    1    1    1  0.00000E+00 0.00000 
   51   51    1    1     1     1     1    1    1    1  0.00000E+00 0.00000 
   52   52    1    1     1     1     1    1    1    1  2.95355E+06 0.75329 
   53   53    1    1     1     1     1    1    1    1  4.91198E+06 0.70804 
   54   54    1    1     1     1     1    1    1    1  3.28784E+06 1.00000 
   55   55    1    1     1     1     1    1    1    1  3.87623E+06 0.72176 
   56   56    1    1     1     1     1    1    1    1  0.00000E+00 0.00000 
   57   57    1    1     1     1     1    1    1    1  4.00136E+06 0.59101 
   58   58    1    1     1     1     1    1    1    1  6.09242E+06 0.50565 
   59   59    1    1     1     1     1    1    1    1  1.67299E+07 0.57373 
   60   60    1    1     1     1     1    1    1    1  2.00120E+07 0.37015 
   61   61    1    1     1     1     1    1    1    1  3.18922E+07 0.70709 
   62   62    1    1     1     1     1    1    1    1  7.50736E+06 0.34367 
   63   63    1    1     1     1     1    1    1    1  2.39860E+07 0.33906 
   64   64    1    1     1     1     1    1    1    1  4.02474E+07 0.40202 
   65   65    1    1     1     1     1    1    1    1  2.07359E+07 0.31884 
   66   66    1    1     1     1     1    1    1    1  1.35083E+06 1.00000 
   67   67    1    1     1     1     1    1    1    1  2.57521E+07 0.49473 
   68   68    1    1     1     1     1    1    1    1  1.35551E+07 1.00000 
   69   69    1    1     1     1     1    1    1    1  1.87663E+07 0.45809 
   70   70    1    1     1     1     1    1    1    1  7.52563E+06 0.29121 
   71   71    1    1     1     1     1    1    1    1  1.70824E+07 0.30583 
   72   72    1    1     1     1     1    1    1    1  3.06958E+07 0.38352 
   73   73    1    1     1     1     1    1    1    1  7.87278E+07 0.26317 
   74   74    1    1     1     1     1    1    1    1  5.15287E+07 0.30031 
   75   75    1    1     1     1     1    1    1    1  2.70071E+07 0.22157 
   76   76    1    1     1     1     1    1    1    1  4.41614E+07 0.25140 
   77   77    1    1     1     1     1    1    1    1  7.86704E+07 0.26031 
   78   78    1    1     1     1     1    1    1    1  2.09052E+07 0.47010 
   79   79    1    1     1     1     1    1    1    1  6.03605E+07 0.24224 
   80   80    1    1     1     1     1    1    1    1  5.11685E+07 0.27257 
   81   81    1    1     1     1     1    1    1    1  2.34491E+07 0.23631 
   82   82    1    1     1     1     1    1    1    1  8.96495E+07 0.22105 
   83   83    1    1     1     1     1    1    1    1  1.56683E+08 0.18596 
   84   84    1    1     1     1     1    1    1    1  1.22877E+08 0.17863 
   85   85    1    1     1     1     1    1    1    1  8.39003E+07 0.16474 
   86   86    1    1     1     1     1    1    1    1  1.52428E+08 0.25912 
   87   87    1    1     1     1     1    1    1    1  1.31426E+08 0.16775 
   88   88    1    1     1     1     1    1    1    1  1.89669E+08 0.19283 
   89   89    1    1     1     1     1    1    1    1  1.80553E+08 0.13394 
   90   90    1    1     1     1     1    1    1    1  1.61696E+08 0.13270 
   91   91    1    1     1     1     1    1    1    1  2.25565E+08 0.12667 
   92   92    1    1     1     1     1    1    1    1  3.22594E+08 0.17592 
   93   93    1    1     1     1     1    1    1    1  2.24868E+08 0.17602 
   94   94    1    1     1     1     1    1    1    1  2.86186E+08 0.11276 
   95   95    1    1     1     1     1    1    1    1  3.19797E+08 0.13462 
   96   96    1    1     1     1     1    1    1    1  2.49313E+08 0.12906 
   97   97    1    1     1     1     1    1    1    1  4.21618E+08 0.08733 
   98   98    1    1     1     1     1    1    1    1  3.90626E+08 0.13143 
   99   99    1    1     1     1     1    1    1    1  6.36317E+08 0.11696 
  100  100    1    1     1     1     1    1    1    1  7.55781E+08 0.08879 
  101  101    1    1     1     1     1    1    1    1  5.37386E+08 0.09187 
  102  102    1    1     1     1     1    1    1    1  8.01821E+08 0.12926 
  103  103    1    1     1     1     1    1    1    1  5.03159E+08 0.09115 
  104  104    1    1     1     1     1    1    1    1  9.80940E+08 0.10449 
  105  105    1    1     1     1     1    1    1    1  1.32809E+09 0.07187 
