
DETspecTot = [
    1    1    1    1     1     1     1    1    1    1  0.00000E+00 0.00000 
    2    2    1    1     1     1     1    1    1    1  0.00000E+00 0.00000 
    3    3    1    1     1     1     1    1    1    1  0.00000E+00 0.00000 
    4    4    1    1     1     1     1    1    1    1  0.00000E+00 0.00000 
    5    5    1    1     1     1     1    1    1    1  0.00000E+00 0.00000 
    6    6    1    1     1     1     1    1    1    1  0.00000E+00 0.00000 
    7    7    1    1     1     1     1    1    1    1  0.00000E+00 0.00000 
    8    8    1    1     1     1     1    1    1    1  0.00000E+00 0.00000 
    9    9    1    1     1     1     1    1    1    1  0.00000E+00 0.00000 
   10   10    1    1     1     1     1    1    1    1  0.00000E+00 0.00000 
   11   11    1    1     1     1     1    1    1    1  0.00000E+00 0.00000 
   12   12    1    1     1     1     1    1    1    1  1.05034E+05 1.00000 
   13   13    1    1     1     1     1    1    1    1  1.25615E+05 1.00000 
   14   14    1    1     1     1     1    1    1    1  0.00000E+00 0.00000 
   15   15    1    1     1     1     1    1    1    1  0.00000E+00 0.00000 
   16   16    1    1     1     1     1    1    1    1  0.00000E+00 0.00000 
   17   17    1    1     1     1     1    1    1    1  0.00000E+00 0.00000 
   18   18    1    1     1     1     1    1    1    1  0.00000E+00 0.00000 
   19   19    1    1     1     1     1    1    1    1  0.00000E+00 0.00000 
   20   20    1    1     1     1     1    1    1    1  3.30121E+05 1.00000 
   21   21    1    1     1     1     1    1    1    1  0.00000E+00 0.00000 
   22   22    1    1     1     1     1    1    1    1  8.65025E+04 1.00000 
   23   23    1    1     1     1     1    1    1    1  0.00000E+00 0.00000 
   24   24    1    1     1     1     1    1    1    1  7.10898E+05 1.00000 
   25   25    1    1     1     1     1    1    1    1  0.00000E+00 0.00000 
   26   26    1    1     1     1     1    1    1    1  0.00000E+00 0.00000 
   27   27    1    1     1     1     1    1    1    1  2.49566E+05 1.00000 
   28   28    1    1     1     1     1    1    1    1  2.13350E+05 1.00000 
   29   29    1    1     1     1     1    1    1    1  0.00000E+00 0.00000 
   30   30    1    1     1     1     1    1    1    1  9.43289E+04 1.00000 
   31   31    1    1     1     1     1    1    1    1  8.99186E+05 1.00000 
   32   32    1    1     1     1     1    1    1    1  5.32466E+06 0.70704 
   33   33    1    1     1     1     1    1    1    1  6.28369E+06 0.40831 
   34   34    1    1     1     1     1    1    1    1  0.00000E+00 0.00000 
   35   35    1    1     1     1     1    1    1    1  0.00000E+00 0.00000 
   36   36    1    1     1     1     1    1    1    1  0.00000E+00 0.00000 
   37   37    1    1     1     1     1    1    1    1  1.65554E+06 1.00000 
   38   38    1    1     1     1     1    1    1    1  0.00000E+00 0.00000 
   39   39    1    1     1     1     1    1    1    1  0.00000E+00 0.00000 
   40   40    1    1     1     1     1    1    1    1  0.00000E+00 0.00000 
   41   41    1    1     1     1     1    1    1    1  0.00000E+00 0.00000 
   42   42    1    1     1     1     1    1    1    1  0.00000E+00 0.00000 
   43   43    1    1     1     1     1    1    1    1  2.98513E+06 0.70708 
   44   44    1    1     1     1     1    1    1    1  0.00000E+00 0.00000 
   45   45    1    1     1     1     1    1    1    1  0.00000E+00 0.00000 
   46   46    1    1     1     1     1    1    1    1  0.00000E+00 0.00000 
   47   47    1    1     1     1     1    1    1    1  1.51255E+05 1.00000 
   48   48    1    1     1     1     1    1    1    1  0.00000E+00 0.00000 
   49   49    1    1     1     1     1    1    1    1  4.05025E+05 1.00000 
   50   50    1    1     1     1     1    1    1    1  0.00000E+00 0.00000 
   51   51    1    1     1     1     1    1    1    1  5.27079E+05 1.00000 
   52   52    1    1     1     1     1    1    1    1  6.35504E+05 1.00000 
   53   53    1    1     1     1     1    1    1    1  1.23961E+07 0.44719 
   54   54    1    1     1     1     1    1    1    1  1.88731E+06 1.00000 
   55   55    1    1     1     1     1    1    1    1  4.50828E+06 1.00000 
   56   56    1    1     1     1     1    1    1    1  0.00000E+00 0.00000 
   57   57    1    1     1     1     1    1    1    1  0.00000E+00 0.00000 
   58   58    1    1     1     1     1    1    1    1  3.40906E+06 0.58750 
   59   59    1    1     1     1     1    1    1    1  6.07764E+06 0.70737 
   60   60    1    1     1     1     1    1    1    1  4.92886E+06 0.61510 
   61   61    1    1     1     1     1    1    1    1  1.45534E+07 1.00000 
   62   62    1    1     1     1     1    1    1    1  5.34733E+06 0.35346 
   63   63    1    1     1     1     1    1    1    1  1.63149E+07 0.33162 
   64   64    1    1     1     1     1    1    1    1  2.30045E+07 0.43633 
   65   65    1    1     1     1     1    1    1    1  5.13134E+06 0.52546 
   66   66    1    1     1     1     1    1    1    1  1.08577E+06 1.00000 
   67   67    1    1     1     1     1    1    1    1  1.89966E+07 0.42083 
   68   68    1    1     1     1     1    1    1    1  6.85584E+06 1.00000 
   69   69    1    1     1     1     1    1    1    1  2.72868E+07 0.52327 
   70   70    1    1     1     1     1    1    1    1  5.97751E+06 0.33258 
   71   71    1    1     1     1     1    1    1    1  1.72613E+07 0.33145 
   72   72    1    1     1     1     1    1    1    1  1.55503E+07 0.44949 
   73   73    1    1     1     1     1    1    1    1  3.75708E+07 0.34328 
   74   74    1    1     1     1     1    1    1    1  2.06315E+07 0.47507 
   75   75    1    1     1     1     1    1    1    1  1.06347E+07 0.37343 
   76   76    1    1     1     1     1    1    1    1  9.19080E+06 0.53018 
   77   77    1    1     1     1     1    1    1    1  6.75245E+07 0.41853 
   78   78    1    1     1     1     1    1    1    1  1.28895E+07 0.64204 
   79   79    1    1     1     1     1    1    1    1  2.08323E+07 0.34566 
   80   80    1    1     1     1     1    1    1    1  2.46241E+07 0.35847 
   81   81    1    1     1     1     1    1    1    1  7.46644E+06 0.38020 
   82   82    1    1     1     1     1    1    1    1  6.30634E+07 0.26665 
   83   83    1    1     1     1     1    1    1    1  7.55419E+07 0.28151 
   84   84    1    1     1     1     1    1    1    1  5.03665E+07 0.25368 
   85   85    1    1     1     1     1    1    1    1  5.95908E+07 0.18886 
   86   86    1    1     1     1     1    1    1    1  1.04750E+08 0.25271 
   87   87    1    1     1     1     1    1    1    1  7.16427E+07 0.22230 
   88   88    1    1     1     1     1    1    1    1  1.00208E+08 0.26894 
   89   89    1    1     1     1     1    1    1    1  9.76500E+07 0.18726 
   90   90    1    1     1     1     1    1    1    1  1.07164E+08 0.15003 
   91   91    1    1     1     1     1    1    1    1  1.83193E+08 0.15349 
   92   92    1    1     1     1     1    1    1    1  2.38991E+08 0.18584 
   93   93    1    1     1     1     1    1    1    1  1.95671E+08 0.22495 
   94   94    1    1     1     1     1    1    1    1  1.98382E+08 0.16052 
   95   95    1    1     1     1     1    1    1    1  2.37167E+08 0.13869 
   96   96    1    1     1     1     1    1    1    1  2.33342E+08 0.15525 
   97   97    1    1     1     1     1    1    1    1  3.04543E+08 0.11652 
   98   98    1    1     1     1     1    1    1    1  2.95599E+08 0.13825 
   99   99    1    1     1     1     1    1    1    1  3.37154E+08 0.16696 
  100  100    1    1     1     1     1    1    1    1  4.54091E+08 0.10847 
  101  101    1    1     1     1     1    1    1    1  4.88095E+08 0.10206 
  102  102    1    1     1     1     1    1    1    1  4.52960E+08 0.16791 
  103  103    1    1     1     1     1    1    1    1  3.78400E+08 0.11171 
  104  104    1    1     1     1     1    1    1    1  4.55003E+08 0.16623 
  105  105    1    1     1     1     1    1    1    1  7.57840E+08 0.09596 
