
DETspecTot = [
    1    1    1    1     1     1     1    1    1    1  0.00000E+00 0.00000 
    2    2    1    1     1     1     1    1    1    1  0.00000E+00 0.00000 
    3    3    1    1     1     1     1    1    1    1  0.00000E+00 0.00000 
    4    4    1    1     1     1     1    1    1    1  0.00000E+00 0.00000 
    5    5    1    1     1     1     1    1    1    1  0.00000E+00 0.00000 
    6    6    1    1     1     1     1    1    1    1  0.00000E+00 0.00000 
    7    7    1    1     1     1     1    1    1    1  0.00000E+00 0.00000 
    8    8    1    1     1     1     1    1    1    1  0.00000E+00 0.00000 
    9    9    1    1     1     1     1    1    1    1  0.00000E+00 0.00000 
   10   10    1    1     1     1     1    1    1    1  0.00000E+00 0.00000 
   11   11    1    1     1     1     1    1    1    1  2.80594E+05 0.61809 
   12   12    1    1     1     1     1    1    1    1  8.23954E+04 1.00000 
   13   13    1    1     1     1     1    1    1    1  0.00000E+00 0.00000 
   14   14    1    1     1     1     1    1    1    1  0.00000E+00 0.00000 
   15   15    1    1     1     1     1    1    1    1  3.45021E+05 0.70705 
   16   16    1    1     1     1     1    1    1    1  0.00000E+00 0.00000 
   17   17    1    1     1     1     1    1    1    1  3.86183E+05 0.70779 
   18   18    1    1     1     1     1    1    1    1  2.47213E+05 1.00000 
   19   19    1    1     1     1     1    1    1    1  1.40518E+06 0.44727 
   20   20    1    1     1     1     1    1    1    1  5.97272E+05 0.70766 
   21   21    1    1     1     1     1    1    1    1  0.00000E+00 0.00000 
   22   22    1    1     1     1     1    1    1    1  3.48992E+05 0.57746 
   23   23    1    1     1     1     1    1    1    1  3.50162E+05 0.71293 
   24   24    1    1     1     1     1    1    1    1  1.35631E+06 0.74922 
   25   25    1    1     1     1     1    1    1    1  1.03002E+06 1.00000 
   26   26    1    1     1     1     1    1    1    1  3.52802E+06 0.57767 
   27   27    1    1     1     1     1    1    1    1  1.79256E+06 0.45430 
   28   28    1    1     1     1     1    1    1    1  1.55276E+06 0.40814 
   29   29    1    1     1     1     1    1    1    1  2.91661E+06 0.70704 
   30   30    1    1     1     1     1    1    1    1  1.14923E+06 0.40012 
   31   31    1    1     1     1     1    1    1    1  4.74508E+06 0.48850 
   32   32    1    1     1     1     1    1    1    1  1.45199E+07 0.44730 
   33   33    1    1     1     1     1    1    1    1  9.69291E+06 0.37480 
   34   34    1    1     1     1     1    1    1    1  1.09203E+07 0.33359 
   35   35    1    1     1     1     1    1    1    1  9.89542E+06 0.70704 
   36   36    1    1     1     1     1    1    1    1  4.45962E+06 0.57727 
   37   37    1    1     1     1     1    1    1    1  5.55510E+06 0.45969 
   38   38    1    1     1     1     1    1    1    1  2.25343E+06 0.70736 
   39   39    1    1     1     1     1    1    1    1  1.12958E+06 0.70722 
   40   40    1    1     1     1     1    1    1    1  1.29621E+06 0.60836 
   41   41    1    1     1     1     1    1    1    1  1.25545E+06 1.00000 
   42   42    1    1     1     1     1    1    1    1  3.05291E+06 0.70787 
   43   43    1    1     1     1     1    1    1    1  1.24977E+06 1.00000 
   44   44    1    1     1     1     1    1    1    1  4.66519E+06 0.70802 
   45   45    1    1     1     1     1    1    1    1  6.47879E+06 0.52855 
   46   46    1    1     1     1     1    1    1    1  7.32399E+05 0.70846 
   47   47    1    1     1     1     1    1    1    1  1.72263E+06 0.38183 
   48   48    1    1     1     1     1    1    1    1  1.98975E+06 0.37927 
   49   49    1    1     1     1     1    1    1    1  2.91123E+06 0.41998 
   50   50    1    1     1     1     1    1    1    1  8.83828E+06 1.00000 
   51   51    1    1     1     1     1    1    1    1  4.51251E+06 0.37797 
   52   52    1    1     1     1     1    1    1    1  1.34997E+07 0.42492 
   53   53    1    1     1     1     1    1    1    1  2.60819E+07 0.31653 
   54   54    1    1     1     1     1    1    1    1  2.16365E+07 0.35172 
   55   55    1    1     1     1     1    1    1    1  8.96241E+06 0.50470 
   56   56    1    1     1     1     1    1    1    1  1.35466E+07 1.00000 
   57   57    1    1     1     1     1    1    1    1  1.50433E+07 0.35663 
   58   58    1    1     1     1     1    1    1    1  2.23421E+07 0.32297 
   59   59    1    1     1     1     1    1    1    1  3.97460E+07 0.32034 
   60   60    1    1     1     1     1    1    1    1  5.85516E+07 0.20596 
   61   61    1    1     1     1     1    1    1    1  3.73349E+07 0.70719 
   62   62    1    1     1     1     1    1    1    1  2.01740E+07 0.20226 
   63   63    1    1     1     1     1    1    1    1  4.81148E+07 0.23370 
   64   64    1    1     1     1     1    1    1    1  7.25200E+07 0.20806 
   65   65    1    1     1     1     1    1    1    1  6.78225E+07 0.18597 
   66   66    1    1     1     1     1    1    1    1  4.43969E+07 0.27262 
   67   67    1    1     1     1     1    1    1    1  1.18842E+08 0.18156 
   68   68    1    1     1     1     1    1    1    1  1.69590E+08 0.24707 
   69   69    1    1     1     1     1    1    1    1  6.30579E+07 0.22197 
   70   70    1    1     1     1     1    1    1    1  1.95322E+07 0.17667 
   71   71    1    1     1     1     1    1    1    1  5.05224E+07 0.16609 
   72   72    1    1     1     1     1    1    1    1  1.14048E+08 0.16961 
   73   73    1    1     1     1     1    1    1    1  1.54353E+08 0.18354 
   74   74    1    1     1     1     1    1    1    1  1.45414E+08 0.19173 
   75   75    1    1     1     1     1    1    1    1  6.17980E+07 0.16657 
   76   76    1    1     1     1     1    1    1    1  8.25893E+07 0.18505 
   77   77    1    1     1     1     1    1    1    1  2.13592E+08 0.15650 
   78   78    1    1     1     1     1    1    1    1  1.38259E+08 0.19366 
   79   79    1    1     1     1     1    1    1    1  1.80920E+08 0.15585 
   80   80    1    1     1     1     1    1    1    1  1.98301E+08 0.12864 
   81   81    1    1     1     1     1    1    1    1  1.24146E+08 0.12868 
   82   82    1    1     1     1     1    1    1    1  5.28718E+08 0.09145 
   83   83    1    1     1     1     1    1    1    1  2.89721E+08 0.12157 
   84   84    1    1     1     1     1    1    1    1  2.16826E+08 0.11095 
   85   85    1    1     1     1     1    1    1    1  3.25692E+08 0.08482 
   86   86    1    1     1     1     1    1    1    1  6.11164E+08 0.11286 
   87   87    1    1     1     1     1    1    1    1  3.55406E+08 0.10548 
   88   88    1    1     1     1     1    1    1    1  7.61833E+08 0.09901 
   89   89    1    1     1     1     1    1    1    1  6.86203E+08 0.08266 
   90   90    1    1     1     1     1    1    1    1  5.80354E+08 0.07280 
   91   91    1    1     1     1     1    1    1    1  8.24672E+08 0.06779 
   92   92    1    1     1     1     1    1    1    1  1.01588E+09 0.10257 
   93   93    1    1     1     1     1    1    1    1  9.66479E+08 0.09530 
   94   94    1    1     1     1     1    1    1    1  9.45016E+08 0.06736 
   95   95    1    1     1     1     1    1    1    1  1.26793E+09 0.06462 
   96   96    1    1     1     1     1    1    1    1  1.04895E+09 0.06979 
   97   97    1    1     1     1     1    1    1    1  1.40418E+09 0.04911 
   98   98    1    1     1     1     1    1    1    1  1.32745E+09 0.07509 
   99   99    1    1     1     1     1    1    1    1  1.61642E+09 0.07179 
  100  100    1    1     1     1     1    1    1    1  2.38134E+09 0.05079 
  101  101    1    1     1     1     1    1    1    1  2.23048E+09 0.04793 
  102  102    1    1     1     1     1    1    1    1  2.29841E+09 0.07990 
  103  103    1    1     1     1     1    1    1    1  2.09723E+09 0.04843 
  104  104    1    1     1     1     1    1    1    1  3.16387E+09 0.05910 
  105  105    1    1     1     1     1    1    1    1  4.17510E+09 0.03832 
