
DETspecTot = [
    1    1    1    1     1     1     1    1    1    1  0.00000E+00 0.00000 
    2    2    1    1     1     1     1    1    1    1  0.00000E+00 0.00000 
    3    3    1    1     1     1     1    1    1    1  0.00000E+00 0.00000 
    4    4    1    1     1     1     1    1    1    1  0.00000E+00 0.00000 
    5    5    1    1     1     1     1    1    1    1  0.00000E+00 0.00000 
    6    6    1    1     1     1     1    1    1    1  0.00000E+00 0.00000 
    7    7    1    1     1     1     1    1    1    1  0.00000E+00 0.00000 
    8    8    1    1     1     1     1    1    1    1  0.00000E+00 0.00000 
    9    9    1    1     1     1     1    1    1    1  0.00000E+00 0.00000 
   10   10    1    1     1     1     1    1    1    1  0.00000E+00 0.00000 
   11   11    1    1     1     1     1    1    1    1  0.00000E+00 0.00000 
   12   12    1    1     1     1     1    1    1    1  3.14034E+05 1.00000 
   13   13    1    1     1     1     1    1    1    1  0.00000E+00 0.00000 
   14   14    1    1     1     1     1    1    1    1  0.00000E+00 0.00000 
   15   15    1    1     1     1     1    1    1    1  0.00000E+00 0.00000 
   16   16    1    1     1     1     1    1    1    1  0.00000E+00 0.00000 
   17   17    1    1     1     1     1    1    1    1  0.00000E+00 0.00000 
   18   18    1    1     1     1     1    1    1    1  0.00000E+00 0.00000 
   19   19    1    1     1     1     1    1    1    1  0.00000E+00 0.00000 
   20   20    1    1     1     1     1    1    1    1  0.00000E+00 0.00000 
   21   21    1    1     1     1     1    1    1    1  0.00000E+00 0.00000 
   22   22    1    1     1     1     1    1    1    1  0.00000E+00 0.00000 
   23   23    1    1     1     1     1    1    1    1  0.00000E+00 0.00000 
   24   24    1    1     1     1     1    1    1    1  1.13326E+06 1.00000 
   25   25    1    1     1     1     1    1    1    1  0.00000E+00 0.00000 
   26   26    1    1     1     1     1    1    1    1  4.25893E+06 1.00000 
   27   27    1    1     1     1     1    1    1    1  6.13908E+06 0.74541 
   28   28    1    1     1     1     1    1    1    1  5.63031E+06 0.70723 
   29   29    1    1     1     1     1    1    1    1  0.00000E+00 0.00000 
   30   30    1    1     1     1     1    1    1    1  1.35543E+07 0.55498 
   31   31    1    1     1     1     1    1    1    1  6.65531E+06 0.70704 
   32   32    1    1     1     1     1    1    1    1  1.89199E+07 1.00000 
   33   33    1    1     1     1     1    1    1    1  5.44151E+06 0.70702 
   34   34    1    1     1     1     1    1    1    1  0.00000E+00 0.00000 
   35   35    1    1     1     1     1    1    1    1  0.00000E+00 0.00000 
   36   36    1    1     1     1     1    1    1    1  0.00000E+00 0.00000 
   37   37    1    1     1     1     1    1    1    1  0.00000E+00 0.00000 
   38   38    1    1     1     1     1    1    1    1  0.00000E+00 0.00000 
   39   39    1    1     1     1     1    1    1    1  0.00000E+00 0.00000 
   40   40    1    1     1     1     1    1    1    1  0.00000E+00 0.00000 
   41   41    1    1     1     1     1    1    1    1  0.00000E+00 0.00000 
   42   42    1    1     1     1     1    1    1    1  0.00000E+00 0.00000 
   43   43    1    1     1     1     1    1    1    1  0.00000E+00 0.00000 
   44   44    1    1     1     1     1    1    1    1  0.00000E+00 0.00000 
   45   45    1    1     1     1     1    1    1    1  0.00000E+00 0.00000 
   46   46    1    1     1     1     1    1    1    1  4.97843E+06 1.00000 
   47   47    1    1     1     1     1    1    1    1  5.38048E+06 1.00000 
   48   48    1    1     1     1     1    1    1    1  1.47965E+07 0.70808 
   49   49    1    1     1     1     1    1    1    1  1.53654E+07 0.70728 
   50   50    1    1     1     1     1    1    1    1  0.00000E+00 0.00000 
   51   51    1    1     1     1     1    1    1    1  8.84752E+06 1.00000 
   52   52    1    1     1     1     1    1    1    1  7.77116E+06 1.00000 
   53   53    1    1     1     1     1    1    1    1  8.70986E+06 1.00000 
   54   54    1    1     1     1     1    1    1    1  8.95007E+06 1.00000 
   55   55    1    1     1     1     1    1    1    1  4.60525E+07 0.66035 
   56   56    1    1     1     1     1    1    1    1  0.00000E+00 0.00000 
   57   57    1    1     1     1     1    1    1    1  1.09444E+07 1.00000 
   58   58    1    1     1     1     1    1    1    1  0.00000E+00 0.00000 
   59   59    1    1     1     1     1    1    1    1  2.66350E+07 0.70719 
   60   60    1    1     1     1     1    1    1    1  2.14583E+07 0.66693 
   61   61    1    1     1     1     1    1    1    1  0.00000E+00 0.00000 
   62   62    1    1     1     1     1    1    1    1  1.76854E+07 0.62142 
   63   63    1    1     1     1     1    1    1    1  5.03554E+07 0.53482 
   64   64    1    1     1     1     1    1    1    1  4.58388E+07 0.39557 
   65   65    1    1     1     1     1    1    1    1  2.68064E+07 0.52081 
   66   66    1    1     1     1     1    1    1    1  2.84553E+07 0.74556 
   67   67    1    1     1     1     1    1    1    1  5.45996E+07 0.50764 
   68   68    1    1     1     1     1    1    1    1  2.14554E+07 0.70705 
   69   69    1    1     1     1     1    1    1    1  1.82987E+07 0.61780 
   70   70    1    1     1     1     1    1    1    1  5.06216E+06 0.59700 
   71   71    1    1     1     1     1    1    1    1  1.21141E+07 0.61812 
   72   72    1    1     1     1     1    1    1    1  9.07389E+06 0.71721 
   73   73    1    1     1     1     1    1    1    1  7.97008E+06 0.42903 
   74   74    1    1     1     1     1    1    1    1  2.02528E+07 0.65322 
   75   75    1    1     1     1     1    1    1    1  5.26064E+07 0.46515 
   76   76    1    1     1     1     1    1    1    1  5.01663E+07 0.42904 
   77   77    1    1     1     1     1    1    1    1  1.13495E+07 0.56055 
   78   78    1    1     1     1     1    1    1    1  1.08759E+07 0.71217 
   79   79    1    1     1     1     1    1    1    1  4.50889E+07 0.44307 
   80   80    1    1     1     1     1    1    1    1  7.02296E+07 0.53207 
   81   81    1    1     1     1     1    1    1    1  4.63389E+07 0.41113 
   82   82    1    1     1     1     1    1    1    1  3.19646E+07 0.45198 
   83   83    1    1     1     1     1    1    1    1  5.89923E+07 0.38613 
   84   84    1    1     1     1     1    1    1    1  4.31927E+07 0.27830 
   85   85    1    1     1     1     1    1    1    1  6.14593E+07 0.32125 
   86   86    1    1     1     1     1    1    1    1  1.30251E+08 0.35367 
   87   87    1    1     1     1     1    1    1    1  9.52099E+07 0.24956 
   88   88    1    1     1     1     1    1    1    1  3.97884E+07 0.50432 
   89   89    1    1     1     1     1    1    1    1  5.40661E+07 0.30886 
   90   90    1    1     1     1     1    1    1    1  1.76792E+08 0.22674 
   91   91    1    1     1     1     1    1    1    1  1.39270E+08 0.22889 
   92   92    1    1     1     1     1    1    1    1  1.51675E+08 0.35726 
   93   93    1    1     1     1     1    1    1    1  2.31658E+08 0.28055 
   94   94    1    1     1     1     1    1    1    1  1.81196E+08 0.24314 
   95   95    1    1     1     1     1    1    1    1  9.63782E+07 0.18681 
   96   96    1    1     1     1     1    1    1    1  1.85522E+08 0.20149 
   97   97    1    1     1     1     1    1    1    1  2.35607E+08 0.14602 
   98   98    1    1     1     1     1    1    1    1  3.23916E+08 0.24894 
   99   99    1    1     1     1     1    1    1    1  3.75859E+08 0.18514 
  100  100    1    1     1     1     1    1    1    1  3.79729E+08 0.14235 
  101  101    1    1     1     1     1    1    1    1  5.30284E+08 0.14123 
  102  102    1    1     1     1     1    1    1    1  6.84953E+08 0.23015 
  103  103    1    1     1     1     1    1    1    1  5.23580E+08 0.14090 
  104  104    1    1     1     1     1    1    1    1  7.40784E+08 0.17399 
  105  105    1    1     1     1     1    1    1    1  8.72802E+08 0.10830 
