
DETspecTot = [
    1    1    1    1     1     1     1    1    1    1  0.00000E+00 0.00000 
    2    2    1    1     1     1     1    1    1    1  0.00000E+00 0.00000 
    3    3    1    1     1     1     1    1    1    1  0.00000E+00 0.00000 
    4    4    1    1     1     1     1    1    1    1  0.00000E+00 0.00000 
    5    5    1    1     1     1     1    1    1    1  0.00000E+00 0.00000 
    6    6    1    1     1     1     1    1    1    1  0.00000E+00 0.00000 
    7    7    1    1     1     1     1    1    1    1  0.00000E+00 0.00000 
    8    8    1    1     1     1     1    1    1    1  0.00000E+00 0.00000 
    9    9    1    1     1     1     1    1    1    1  0.00000E+00 0.00000 
   10   10    1    1     1     1     1    1    1    1  0.00000E+00 0.00000 
   11   11    1    1     1     1     1    1    1    1  0.00000E+00 0.00000 
   12   12    1    1     1     1     1    1    1    1  0.00000E+00 0.00000 
   13   13    1    1     1     1     1    1    1    1  3.05253E+05 1.00000 
   14   14    1    1     1     1     1    1    1    1  0.00000E+00 0.00000 
   15   15    1    1     1     1     1    1    1    1  0.00000E+00 0.00000 
   16   16    1    1     1     1     1    1    1    1  0.00000E+00 0.00000 
   17   17    1    1     1     1     1    1    1    1  1.24970E+06 0.70769 
   18   18    1    1     1     1     1    1    1    1  0.00000E+00 0.00000 
   19   19    1    1     1     1     1    1    1    1  0.00000E+00 0.00000 
   20   20    1    1     1     1     1    1    1    1  6.66320E+05 1.00000 
   21   21    1    1     1     1     1    1    1    1  0.00000E+00 0.00000 
   22   22    1    1     1     1     1    1    1    1  0.00000E+00 0.00000 
   23   23    1    1     1     1     1    1    1    1  7.45194E+05 1.00000 
   24   24    1    1     1     1     1    1    1    1  0.00000E+00 0.00000 
   25   25    1    1     1     1     1    1    1    1  0.00000E+00 0.00000 
   26   26    1    1     1     1     1    1    1    1  0.00000E+00 0.00000 
   27   27    1    1     1     1     1    1    1    1  0.00000E+00 0.00000 
   28   28    1    1     1     1     1    1    1    1  7.95899E+06 0.73657 
   29   29    1    1     1     1     1    1    1    1  0.00000E+00 0.00000 
   30   30    1    1     1     1     1    1    1    1  9.83189E+06 0.60244 
   31   31    1    1     1     1     1    1    1    1  3.49322E+06 1.00000 
   32   32    1    1     1     1     1    1    1    1  3.05294E+07 0.57729 
   33   33    1    1     1     1     1    1    1    1  1.45159E+07 0.82700 
   34   34    1    1     1     1     1    1    1    1  3.56261E+06 1.00000 
   35   35    1    1     1     1     1    1    1    1  0.00000E+00 0.00000 
   36   36    1    1     1     1     1    1    1    1  4.36693E+06 1.00000 
   37   37    1    1     1     1     1    1    1    1  3.09486E+06 1.00000 
   38   38    1    1     1     1     1    1    1    1  0.00000E+00 0.00000 
   39   39    1    1     1     1     1    1    1    1  0.00000E+00 0.00000 
   40   40    1    1     1     1     1    1    1    1  0.00000E+00 0.00000 
   41   41    1    1     1     1     1    1    1    1  6.79881E+06 1.00000 
   42   42    1    1     1     1     1    1    1    1  0.00000E+00 0.00000 
   43   43    1    1     1     1     1    1    1    1  0.00000E+00 0.00000 
   44   44    1    1     1     1     1    1    1    1  1.01559E+07 1.00000 
   45   45    1    1     1     1     1    1    1    1  0.00000E+00 0.00000 
   46   46    1    1     1     1     1    1    1    1  4.53467E+06 1.00000 
   47   47    1    1     1     1     1    1    1    1  1.06162E+07 0.70703 
   48   48    1    1     1     1     1    1    1    1  2.66412E+07 0.50074 
   49   49    1    1     1     1     1    1    1    1  4.48359E+07 0.71144 
   50   50    1    1     1     1     1    1    1    1  0.00000E+00 0.00000 
   51   51    1    1     1     1     1    1    1    1  1.77449E+07 0.70722 
   52   52    1    1     1     1     1    1    1    1  1.61086E+07 0.70708 
   53   53    1    1     1     1     1    1    1    1  2.66521E+07 0.57725 
   54   54    1    1     1     1     1    1    1    1  2.71422E+07 0.57728 
   55   55    1    1     1     1     1    1    1    1  2.87478E+07 0.57730 
   56   56    1    1     1     1     1    1    1    1  0.00000E+00 0.00000 
   57   57    1    1     1     1     1    1    1    1  3.54143E+07 1.00000 
   58   58    1    1     1     1     1    1    1    1  7.31379E+07 0.43685 
   59   59    1    1     1     1     1    1    1    1  5.38413E+07 0.47653 
   60   60    1    1     1     1     1    1    1    1  6.86792E+07 0.63042 
   61   61    1    1     1     1     1    1    1    1  9.26801E+07 1.00000 
   62   62    1    1     1     1     1    1    1    1  4.99325E+07 0.44490 
   63   63    1    1     1     1     1    1    1    1  5.04481E+07 0.67530 
   64   64    1    1     1     1     1    1    1    1  1.68258E+07 0.49992 
   65   65    1    1     1     1     1    1    1    1  3.81130E+07 0.43428 
   66   66    1    1     1     1     1    1    1    1  1.98560E+07 0.70719 
   67   67    1    1     1     1     1    1    1    1  5.47527E+07 0.40234 
   68   68    1    1     1     1     1    1    1    1  7.45468E+07 0.71115 
   69   69    1    1     1     1     1    1    1    1  3.96075E+07 0.46742 
   70   70    1    1     1     1     1    1    1    1  8.27402E+06 0.51225 
   71   71    1    1     1     1     1    1    1    1  2.47685E+07 0.55289 
   72   72    1    1     1     1     1    1    1    1  8.75182E+06 0.59426 
   73   73    1    1     1     1     1    1    1    1  9.63762E+06 0.43299 
   74   74    1    1     1     1     1    1    1    1  1.14956E+08 0.32458 
   75   75    1    1     1     1     1    1    1    1  9.55423E+07 0.28513 
   76   76    1    1     1     1     1    1    1    1  5.77112E+07 0.39163 
   77   77    1    1     1     1     1    1    1    1  8.94718E+07 0.28450 
   78   78    1    1     1     1     1    1    1    1  9.66459E+07 0.35305 
   79   79    1    1     1     1     1    1    1    1  2.01496E+08 0.27449 
   80   80    1    1     1     1     1    1    1    1  7.55691E+07 0.38673 
   81   81    1    1     1     1     1    1    1    1  7.56739E+07 0.32916 
   82   82    1    1     1     1     1    1    1    1  7.14102E+07 0.26896 
   83   83    1    1     1     1     1    1    1    1  3.35818E+08 0.21007 
   84   84    1    1     1     1     1    1    1    1  1.13185E+08 0.20109 
   85   85    1    1     1     1     1    1    1    1  1.94543E+08 0.22273 
   86   86    1    1     1     1     1    1    1    1  3.13327E+08 0.23728 
   87   87    1    1     1     1     1    1    1    1  1.13157E+08 0.25597 
   88   88    1    1     1     1     1    1    1    1  1.36923E+08 0.23208 
   89   89    1    1     1     1     1    1    1    1  1.40813E+08 0.19236 
   90   90    1    1     1     1     1    1    1    1  4.38371E+08 0.14667 
   91   91    1    1     1     1     1    1    1    1  4.63057E+08 0.13170 
   92   92    1    1     1     1     1    1    1    1  7.35416E+08 0.18619 
   93   93    1    1     1     1     1    1    1    1  6.34880E+08 0.19908 
   94   94    1    1     1     1     1    1    1    1  4.41963E+08 0.14541 
   95   95    1    1     1     1     1    1    1    1  1.56937E+08 0.14696 
   96   96    1    1     1     1     1    1    1    1  4.29488E+08 0.15557 
   97   97    1    1     1     1     1    1    1    1  4.65628E+08 0.11433 
   98   98    1    1     1     1     1    1    1    1  7.30919E+08 0.15658 
   99   99    1    1     1     1     1    1    1    1  7.51917E+08 0.13148 
  100  100    1    1     1     1     1    1    1    1  7.97122E+08 0.09984 
  101  101    1    1     1     1     1    1    1    1  1.07518E+09 0.08380 
  102  102    1    1     1     1     1    1    1    1  1.25428E+09 0.15759 
  103  103    1    1     1     1     1    1    1    1  9.19583E+08 0.10503 
  104  104    1    1     1     1     1    1    1    1  1.58448E+09 0.11180 
  105  105    1    1     1     1     1    1    1    1  1.47389E+09 0.08149 
