
DETspecTot = [
    1    1    1    1     1     1     1    1    1    1  0.00000E+00 0.00000 
    2    2    1    1     1     1     1    1    1    1  0.00000E+00 0.00000 
    3    3    1    1     1     1     1    1    1    1  0.00000E+00 0.00000 
    4    4    1    1     1     1     1    1    1    1  0.00000E+00 0.00000 
    5    5    1    1     1     1     1    1    1    1  0.00000E+00 0.00000 
    6    6    1    1     1     1     1    1    1    1  0.00000E+00 0.00000 
    7    7    1    1     1     1     1    1    1    1  0.00000E+00 0.00000 
    8    8    1    1     1     1     1    1    1    1  0.00000E+00 0.00000 
    9    9    1    1     1     1     1    1    1    1  0.00000E+00 0.00000 
   10   10    1    1     1     1     1    1    1    1  0.00000E+00 0.00000 
   11   11    1    1     1     1     1    1    1    1  0.00000E+00 0.00000 
   12   12    1    1     1     1     1    1    1    1  0.00000E+00 0.00000 
   13   13    1    1     1     1     1    1    1    1  0.00000E+00 0.00000 
   14   14    1    1     1     1     1    1    1    1  0.00000E+00 0.00000 
   15   15    1    1     1     1     1    1    1    1  7.76970E+05 1.00000 
   16   16    1    1     1     1     1    1    1    1  0.00000E+00 0.00000 
   17   17    1    1     1     1     1    1    1    1  0.00000E+00 0.00000 
   18   18    1    1     1     1     1    1    1    1  0.00000E+00 0.00000 
   19   19    1    1     1     1     1    1    1    1  0.00000E+00 0.00000 
   20   20    1    1     1     1     1    1    1    1  0.00000E+00 0.00000 
   21   21    1    1     1     1     1    1    1    1  0.00000E+00 0.00000 
   22   22    1    1     1     1     1    1    1    1  0.00000E+00 0.00000 
   23   23    1    1     1     1     1    1    1    1  0.00000E+00 0.00000 
   24   24    1    1     1     1     1    1    1    1  0.00000E+00 0.00000 
   25   25    1    1     1     1     1    1    1    1  0.00000E+00 0.00000 
   26   26    1    1     1     1     1    1    1    1  0.00000E+00 0.00000 
   27   27    1    1     1     1     1    1    1    1  0.00000E+00 0.00000 
   28   28    1    1     1     1     1    1    1    1  0.00000E+00 0.00000 
   29   29    1    1     1     1     1    1    1    1  0.00000E+00 0.00000 
   30   30    1    1     1     1     1    1    1    1  0.00000E+00 0.00000 
   31   31    1    1     1     1     1    1    1    1  0.00000E+00 0.00000 
   32   32    1    1     1     1     1    1    1    1  0.00000E+00 0.00000 
   33   33    1    1     1     1     1    1    1    1  0.00000E+00 0.00000 
   34   34    1    1     1     1     1    1    1    1  0.00000E+00 0.00000 
   35   35    1    1     1     1     1    1    1    1  0.00000E+00 0.00000 
   36   36    1    1     1     1     1    1    1    1  0.00000E+00 0.00000 
   37   37    1    1     1     1     1    1    1    1  0.00000E+00 0.00000 
   38   38    1    1     1     1     1    1    1    1  0.00000E+00 0.00000 
   39   39    1    1     1     1     1    1    1    1  1.02255E+07 1.00000 
   40   40    1    1     1     1     1    1    1    1  0.00000E+00 0.00000 
   41   41    1    1     1     1     1    1    1    1  0.00000E+00 0.00000 
   42   42    1    1     1     1     1    1    1    1  0.00000E+00 0.00000 
   43   43    1    1     1     1     1    1    1    1  0.00000E+00 0.00000 
   44   44    1    1     1     1     1    1    1    1  0.00000E+00 0.00000 
   45   45    1    1     1     1     1    1    1    1  0.00000E+00 0.00000 
   46   46    1    1     1     1     1    1    1    1  1.05524E+07 0.70702 
   47   47    1    1     1     1     1    1    1    1  0.00000E+00 0.00000 
   48   48    1    1     1     1     1    1    1    1  7.58680E+06 1.00000 
   49   49    1    1     1     1     1    1    1    1  0.00000E+00 0.00000 
   50   50    1    1     1     1     1    1    1    1  0.00000E+00 0.00000 
   51   51    1    1     1     1     1    1    1    1  0.00000E+00 0.00000 
   52   52    1    1     1     1     1    1    1    1  1.59611E+07 1.00000 
   53   53    1    1     1     1     1    1    1    1  0.00000E+00 0.00000 
   54   54    1    1     1     1     1    1    1    1  8.45501E+06 1.00000 
   55   55    1    1     1     1     1    1    1    1  1.79164E+07 1.00000 
   56   56    1    1     1     1     1    1    1    1  0.00000E+00 0.00000 
   57   57    1    1     1     1     1    1    1    1  1.04689E+07 1.00000 
   58   58    1    1     1     1     1    1    1    1  1.56487E+07 0.71083 
   59   59    1    1     1     1     1    1    1    1  0.00000E+00 0.00000 
   60   60    1    1     1     1     1    1    1    1  0.00000E+00 0.00000 
   61   61    1    1     1     1     1    1    1    1  0.00000E+00 0.00000 
   62   62    1    1     1     1     1    1    1    1  0.00000E+00 0.00000 
   63   63    1    1     1     1     1    1    1    1  2.04462E+07 1.00000 
   64   64    1    1     1     1     1    1    1    1  1.43990E+07 0.70762 
   65   65    1    1     1     1     1    1    1    1  1.64794E+07 0.75342 
   66   66    1    1     1     1     1    1    1    1  0.00000E+00 0.00000 
   67   67    1    1     1     1     1    1    1    1  1.12225E+07 1.00000 
   68   68    1    1     1     1     1    1    1    1  0.00000E+00 0.00000 
   69   69    1    1     1     1     1    1    1    1  3.16272E+06 1.00000 
   70   70    1    1     1     1     1    1    1    1  1.23138E+06 1.00000 
   71   71    1    1     1     1     1    1    1    1  6.24505E+06 1.00000 
   72   72    1    1     1     1     1    1    1    1  0.00000E+00 0.00000 
   73   73    1    1     1     1     1    1    1    1  3.71342E+06 0.60785 
   74   74    1    1     1     1     1    1    1    1  4.96606E+07 0.55928 
   75   75    1    1     1     1     1    1    1    1  4.02812E+07 0.51142 
   76   76    1    1     1     1     1    1    1    1  2.01164E+07 0.72958 
   77   77    1    1     1     1     1    1    1    1  2.41413E+07 0.55956 
   78   78    1    1     1     1     1    1    1    1  1.52726E+07 0.70742 
   79   79    1    1     1     1     1    1    1    1  4.54965E+07 0.46410 
   80   80    1    1     1     1     1    1    1    1  4.33876E+07 0.55177 
   81   81    1    1     1     1     1    1    1    1  4.29985E+07 0.51852 
   82   82    1    1     1     1     1    1    1    1  3.01441E+07 0.38625 
   83   83    1    1     1     1     1    1    1    1  4.54513E+07 0.40502 
   84   84    1    1     1     1     1    1    1    1  8.19697E+07 0.31476 
   85   85    1    1     1     1     1    1    1    1  8.36736E+07 0.33090 
   86   86    1    1     1     1     1    1    1    1  4.91819E+07 0.55547 
   87   87    1    1     1     1     1    1    1    1  6.11865E+07 0.42611 
   88   88    1    1     1     1     1    1    1    1  3.04928E+07 0.43504 
   89   89    1    1     1     1     1    1    1    1  2.13662E+07 0.44051 
   90   90    1    1     1     1     1    1    1    1  7.41170E+07 0.27381 
   91   91    1    1     1     1     1    1    1    1  1.53967E+08 0.25861 
   92   92    1    1     1     1     1    1    1    1  1.36229E+08 0.37814 
   93   93    1    1     1     1     1    1    1    1  1.50317E+08 0.41127 
   94   94    1    1     1     1     1    1    1    1  5.71616E+07 0.38389 
   95   95    1    1     1     1     1    1    1    1  6.44347E+07 0.23864 
   96   96    1    1     1     1     1    1    1    1  6.38693E+07 0.29045 
   97   97    1    1     1     1     1    1    1    1  1.38655E+08 0.21976 
   98   98    1    1     1     1     1    1    1    1  1.32603E+08 0.25879 
   99   99    1    1     1     1     1    1    1    1  9.04915E+07 0.33304 
  100  100    1    1     1     1     1    1    1    1  1.61465E+08 0.20450 
  101  101    1    1     1     1     1    1    1    1  2.29465E+08 0.17862 
  102  102    1    1     1     1     1    1    1    1  2.65310E+08 0.31851 
  103  103    1    1     1     1     1    1    1    1  2.83504E+08 0.17146 
  104  104    1    1     1     1     1    1    1    1  3.30257E+08 0.21433 
  105  105    1    1     1     1     1    1    1    1  3.71828E+08 0.16748 
