
DETspecTot = [
    1    1    1    1     1     1     1    1    1    1  0.00000E+00 0.00000 
    2    2    1    1     1     1     1    1    1    1  0.00000E+00 0.00000 
    3    3    1    1     1     1     1    1    1    1  0.00000E+00 0.00000 
    4    4    1    1     1     1     1    1    1    1  0.00000E+00 0.00000 
    5    5    1    1     1     1     1    1    1    1  0.00000E+00 0.00000 
    6    6    1    1     1     1     1    1    1    1  0.00000E+00 0.00000 
    7    7    1    1     1     1     1    1    1    1  0.00000E+00 0.00000 
    8    8    1    1     1     1     1    1    1    1  0.00000E+00 0.00000 
    9    9    1    1     1     1     1    1    1    1  0.00000E+00 0.00000 
   10   10    1    1     1     1     1    1    1    1  2.41202E+05 1.00000 
   11   11    1    1     1     1     1    1    1    1  0.00000E+00 0.00000 
   12   12    1    1     1     1     1    1    1    1  0.00000E+00 0.00000 
   13   13    1    1     1     1     1    1    1    1  0.00000E+00 0.00000 
   14   14    1    1     1     1     1    1    1    1  0.00000E+00 0.00000 
   15   15    1    1     1     1     1    1    1    1  0.00000E+00 0.00000 
   16   16    1    1     1     1     1    1    1    1  4.63559E+05 1.00000 
   17   17    1    1     1     1     1    1    1    1  5.56344E+05 1.00000 
   18   18    1    1     1     1     1    1    1    1  0.00000E+00 0.00000 
   19   19    1    1     1     1     1    1    1    1  6.33467E+05 1.00000 
   20   20    1    1     1     1     1    1    1    1  5.55023E+05 1.00000 
   21   21    1    1     1     1     1    1    1    1  3.30616E+05 1.00000 
   22   22    1    1     1     1     1    1    1    1  0.00000E+00 0.00000 
   23   23    1    1     1     1     1    1    1    1  0.00000E+00 0.00000 
   24   24    1    1     1     1     1    1    1    1  1.81635E+06 0.71365 
   25   25    1    1     1     1     1    1    1    1  2.58192E+06 1.00000 
   26   26    1    1     1     1     1    1    1    1  3.77372E+06 1.00000 
   27   27    1    1     1     1     1    1    1    1  0.00000E+00 0.00000 
   28   28    1    1     1     1     1    1    1    1  2.95322E+06 1.00000 
   29   29    1    1     1     1     1    1    1    1  0.00000E+00 0.00000 
   30   30    1    1     1     1     1    1    1    1  3.79464E+06 1.00000 
   31   31    1    1     1     1     1    1    1    1  1.90478E+07 0.52620 
   32   32    1    1     1     1     1    1    1    1  1.10094E+07 1.00000 
   33   33    1    1     1     1     1    1    1    1  2.96559E+06 1.00000 
   34   34    1    1     1     1     1    1    1    1  2.14893E+07 0.55185 
   35   35    1    1     1     1     1    1    1    1  0.00000E+00 0.00000 
   36   36    1    1     1     1     1    1    1    1  1.68918E+07 0.53063 
   37   37    1    1     1     1     1    1    1    1  5.88203E+06 0.75626 
   38   38    1    1     1     1     1    1    1    1  4.11724E+06 0.73669 
   39   39    1    1     1     1     1    1    1    1  8.88651E+05 1.00000 
   40   40    1    1     1     1     1    1    1    1  5.12004E+05 1.00000 
   41   41    1    1     1     1     1    1    1    1  1.97504E+06 1.00000 
   42   42    1    1     1     1     1    1    1    1  0.00000E+00 0.00000 
   43   43    1    1     1     1     1    1    1    1  1.98600E+06 1.00000 
   44   44    1    1     1     1     1    1    1    1  0.00000E+00 0.00000 
   45   45    1    1     1     1     1    1    1    1  3.68287E+06 1.00000 
   46   46    1    1     1     1     1    1    1    1  3.05075E+07 0.40294 
   47   47    1    1     1     1     1    1    1    1  1.87297E+07 0.44748 
   48   48    1    1     1     1     1    1    1    1  7.46258E+07 0.34537 
   49   49    1    1     1     1     1    1    1    1  1.01169E+08 0.31853 
   50   50    1    1     1     1     1    1    1    1  0.00000E+00 0.00000 
   51   51    1    1     1     1     1    1    1    1  8.04534E+07 0.34388 
   52   52    1    1     1     1     1    1    1    1  1.82749E+08 0.31164 
   53   53    1    1     1     1     1    1    1    1  2.62939E+08 0.33817 
   54   54    1    1     1     1     1    1    1    1  2.36381E+08 0.27637 
   55   55    1    1     1     1     1    1    1    1  2.16341E+08 0.29778 
   56   56    1    1     1     1     1    1    1    1  1.26611E+08 0.70703 
   57   57    1    1     1     1     1    1    1    1  1.19544E+08 0.33305 
   58   58    1    1     1     1     1    1    1    1  2.27190E+08 0.33352 
   59   59    1    1     1     1     1    1    1    1  3.31788E+08 0.26293 
   60   60    1    1     1     1     1    1    1    1  2.51110E+08 0.24661 
   61   61    1    1     1     1     1    1    1    1  4.20934E+08 0.49988 
   62   62    1    1     1     1     1    1    1    1  2.99197E+08 0.19245 
   63   63    1    1     1     1     1    1    1    1  4.02243E+08 0.26450 
   64   64    1    1     1     1     1    1    1    1  3.23851E+08 0.20714 
   65   65    1    1     1     1     1    1    1    1  2.97655E+08 0.18367 
   66   66    1    1     1     1     1    1    1    1  4.75865E+08 0.32382 
   67   67    1    1     1     1     1    1    1    1  1.79945E+08 0.28821 
   68   68    1    1     1     1     1    1    1    1  2.85822E+08 0.31101 
   69   69    1    1     1     1     1    1    1    1  1.32775E+08 0.27860 
   70   70    1    1     1     1     1    1    1    1  4.15727E+07 0.23935 
   71   71    1    1     1     1     1    1    1    1  5.40059E+07 0.23676 
   72   72    1    1     1     1     1    1    1    1  6.81854E+07 0.30930 
   73   73    1    1     1     1     1    1    1    1  4.87524E+07 0.28055 
   74   74    1    1     1     1     1    1    1    1  2.98444E+08 0.23252 
   75   75    1    1     1     1     1    1    1    1  1.58480E+08 0.20573 
   76   76    1    1     1     1     1    1    1    1  1.45524E+08 0.21338 
   77   77    1    1     1     1     1    1    1    1  3.17527E+08 0.16932 
   78   78    1    1     1     1     1    1    1    1  4.37869E+08 0.23174 
   79   79    1    1     1     1     1    1    1    1  7.27591E+08 0.15574 
   80   80    1    1     1     1     1    1    1    1  4.93097E+08 0.18930 
   81   81    1    1     1     1     1    1    1    1  1.92456E+08 0.16626 
   82   82    1    1     1     1     1    1    1    1  4.97214E+08 0.12319 
   83   83    1    1     1     1     1    1    1    1  6.83139E+08 0.14000 
   84   84    1    1     1     1     1    1    1    1  2.19906E+08 0.13428 
   85   85    1    1     1     1     1    1    1    1  6.53070E+08 0.12538 
   86   86    1    1     1     1     1    1    1    1  7.51760E+08 0.15612 
   87   87    1    1     1     1     1    1    1    1  5.38992E+08 0.13276 
   88   88    1    1     1     1     1    1    1    1  6.63660E+08 0.11534 
   89   89    1    1     1     1     1    1    1    1  5.26255E+08 0.09843 
   90   90    1    1     1     1     1    1    1    1  2.00248E+09 0.08247 
   91   91    1    1     1     1     1    1    1    1  2.07659E+09 0.07794 
   92   92    1    1     1     1     1    1    1    1  2.68384E+09 0.10257 
   93   93    1    1     1     1     1    1    1    1  2.35792E+09 0.10105 
   94   94    1    1     1     1     1    1    1    1  1.70532E+09 0.08038 
   95   95    1    1     1     1     1    1    1    1  9.46568E+08 0.08318 
   96   96    1    1     1     1     1    1    1    1  1.54448E+09 0.08359 
   97   97    1    1     1     1     1    1    1    1  1.54139E+09 0.06195 
   98   98    1    1     1     1     1    1    1    1  2.75093E+09 0.07408 
   99   99    1    1     1     1     1    1    1    1  3.25158E+09 0.07479 
  100  100    1    1     1     1     1    1    1    1  3.54981E+09 0.05851 
  101  101    1    1     1     1     1    1    1    1  3.62358E+09 0.05217 
  102  102    1    1     1     1     1    1    1    1  4.97971E+09 0.08423 
  103  103    1    1     1     1     1    1    1    1  3.71344E+09 0.05791 
  104  104    1    1     1     1     1    1    1    1  6.19170E+09 0.06335 
  105  105    1    1     1     1     1    1    1    1  5.06659E+09 0.04680 
