
DETspecTot = [
    1    1    1    1     1     1     1    1    1    1  0.00000E+00 0.00000 
    2    2    1    1     1     1     1    1    1    1  0.00000E+00 0.00000 
    3    3    1    1     1     1     1    1    1    1  0.00000E+00 0.00000 
    4    4    1    1     1     1     1    1    1    1  0.00000E+00 0.00000 
    5    5    1    1     1     1     1    1    1    1  0.00000E+00 0.00000 
    6    6    1    1     1     1     1    1    1    1  0.00000E+00 0.00000 
    7    7    1    1     1     1     1    1    1    1  0.00000E+00 0.00000 
    8    8    1    1     1     1     1    1    1    1  0.00000E+00 0.00000 
    9    9    1    1     1     1     1    1    1    1  0.00000E+00 0.00000 
   10   10    1    1     1     1     1    1    1    1  2.49444E+05 1.00000 
   11   11    1    1     1     1     1    1    1    1  0.00000E+00 0.00000 
   12   12    1    1     1     1     1    1    1    1  2.45130E+05 1.00000 
   13   13    1    1     1     1     1    1    1    1  2.62503E+05 1.00000 
   14   14    1    1     1     1     1    1    1    1  0.00000E+00 0.00000 
   15   15    1    1     1     1     1    1    1    1  0.00000E+00 0.00000 
   16   16    1    1     1     1     1    1    1    1  0.00000E+00 0.00000 
   17   17    1    1     1     1     1    1    1    1  0.00000E+00 0.00000 
   18   18    1    1     1     1     1    1    1    1  6.24642E+05 1.00000 
   19   19    1    1     1     1     1    1    1    1  1.19415E+06 0.70997 
   20   20    1    1     1     1     1    1    1    1  1.03443E+06 0.70703 
   21   21    1    1     1     1     1    1    1    1  7.59339E+05 0.71554 
   22   22    1    1     1     1     1    1    1    1  3.63196E+05 1.00000 
   23   23    1    1     1     1     1    1    1    1  1.12252E+06 0.70836 
   24   24    1    1     1     1     1    1    1    1  7.94328E+05 1.00000 
   25   25    1    1     1     1     1    1    1    1  0.00000E+00 0.00000 
   26   26    1    1     1     1     1    1    1    1  7.78205E+06 0.70780 
   27   27    1    1     1     1     1    1    1    1  0.00000E+00 0.00000 
   28   28    1    1     1     1     1    1    1    1  1.10674E+07 0.49988 
   29   29    1    1     1     1     1    1    1    1  0.00000E+00 0.00000 
   30   30    1    1     1     1     1    1    1    1  1.80702E+07 0.43228 
   31   31    1    1     1     1     1    1    1    1  1.14630E+07 0.74338 
   32   32    1    1     1     1     1    1    1    1  2.10438E+07 0.70717 
   33   33    1    1     1     1     1    1    1    1  1.16751E+07 0.79882 
   34   34    1    1     1     1     1    1    1    1  2.82438E+06 1.00000 
   35   35    1    1     1     1     1    1    1    1  1.15054E+07 1.00000 
   36   36    1    1     1     1     1    1    1    1  1.43440E+07 0.50038 
   37   37    1    1     1     1     1    1    1    1  9.99455E+06 0.58538 
   38   38    1    1     1     1     1    1    1    1  0.00000E+00 0.00000 
   39   39    1    1     1     1     1    1    1    1  3.01272E+06 0.70741 
   40   40    1    1     1     1     1    1    1    1  5.79024E+05 1.00000 
   41   41    1    1     1     1     1    1    1    1  7.32332E+06 0.57794 
   42   42    1    1     1     1     1    1    1    1  2.80832E+06 1.00000 
   43   43    1    1     1     1     1    1    1    1  6.64676E+06 0.58496 
   44   44    1    1     1     1     1    1    1    1  0.00000E+00 0.00000 
   45   45    1    1     1     1     1    1    1    1  1.77210E+07 0.55499 
   46   46    1    1     1     1     1    1    1    1  2.82859E+07 0.39722 
   47   47    1    1     1     1     1    1    1    1  2.45189E+07 0.40843 
   48   48    1    1     1     1     1    1    1    1  1.65908E+07 0.57767 
   49   49    1    1     1     1     1    1    1    1  2.64921E+07 0.50041 
   50   50    1    1     1     1     1    1    1    1  1.01684E+08 1.00000 
   51   51    1    1     1     1     1    1    1    1  5.82958E+07 0.42847 
   52   52    1    1     1     1     1    1    1    1  8.42831E+07 0.46024 
   53   53    1    1     1     1     1    1    1    1  1.54506E+08 0.36544 
   54   54    1    1     1     1     1    1    1    1  1.65106E+08 0.34874 
   55   55    1    1     1     1     1    1    1    1  9.67900E+07 0.36962 
   56   56    1    1     1     1     1    1    1    1  2.46381E+08 0.49984 
   57   57    1    1     1     1     1    1    1    1  3.01136E+08 0.39795 
   58   58    1    1     1     1     1    1    1    1  2.31902E+08 0.31450 
   59   59    1    1     1     1     1    1    1    1  1.82873E+08 0.30850 
   60   60    1    1     1     1     1    1    1    1  1.93335E+08 0.26303 
   61   61    1    1     1     1     1    1    1    1  0.00000E+00 0.00000 
   62   62    1    1     1     1     1    1    1    1  2.38136E+08 0.24656 
   63   63    1    1     1     1     1    1    1    1  2.17901E+08 0.24492 
   64   64    1    1     1     1     1    1    1    1  2.33445E+08 0.22964 
   65   65    1    1     1     1     1    1    1    1  2.90395E+08 0.24550 
   66   66    1    1     1     1     1    1    1    1  2.50718E+08 0.27272 
   67   67    1    1     1     1     1    1    1    1  2.02995E+08 0.26391 
   68   68    1    1     1     1     1    1    1    1  3.05631E+08 0.31867 
   69   69    1    1     1     1     1    1    1    1  1.58630E+08 0.25823 
   70   70    1    1     1     1     1    1    1    1  3.79418E+07 0.34536 
   71   71    1    1     1     1     1    1    1    1  7.00207E+07 0.22950 
   72   72    1    1     1     1     1    1    1    1  5.99883E+07 0.30538 
   73   73    1    1     1     1     1    1    1    1  4.19256E+07 0.26620 
   74   74    1    1     1     1     1    1    1    1  2.32280E+08 0.22940 
   75   75    1    1     1     1     1    1    1    1  8.91256E+07 0.26741 
   76   76    1    1     1     1     1    1    1    1  1.16261E+08 0.23544 
   77   77    1    1     1     1     1    1    1    1  2.17208E+08 0.20527 
   78   78    1    1     1     1     1    1    1    1  3.55792E+08 0.25946 
   79   79    1    1     1     1     1    1    1    1  5.46307E+08 0.16404 
   80   80    1    1     1     1     1    1    1    1  4.18802E+08 0.20855 
   81   81    1    1     1     1     1    1    1    1  1.39200E+08 0.19859 
   82   82    1    1     1     1     1    1    1    1  3.14454E+08 0.13808 
   83   83    1    1     1     1     1    1    1    1  5.48654E+08 0.15839 
   84   84    1    1     1     1     1    1    1    1  1.48638E+08 0.15707 
   85   85    1    1     1     1     1    1    1    1  4.72355E+08 0.13346 
   86   86    1    1     1     1     1    1    1    1  5.27185E+08 0.17267 
   87   87    1    1     1     1     1    1    1    1  4.01916E+08 0.15061 
   88   88    1    1     1     1     1    1    1    1  4.68137E+08 0.14278 
   89   89    1    1     1     1     1    1    1    1  4.93175E+08 0.11151 
   90   90    1    1     1     1     1    1    1    1  1.44498E+09 0.08661 
   91   91    1    1     1     1     1    1    1    1  1.71703E+09 0.08308 
   92   92    1    1     1     1     1    1    1    1  2.28606E+09 0.11358 
   93   93    1    1     1     1     1    1    1    1  1.41282E+09 0.12919 
   94   94    1    1     1     1     1    1    1    1  1.38392E+09 0.09045 
   95   95    1    1     1     1     1    1    1    1  7.84047E+08 0.08656 
   96   96    1    1     1     1     1    1    1    1  1.32523E+09 0.09604 
   97   97    1    1     1     1     1    1    1    1  1.25232E+09 0.06841 
   98   98    1    1     1     1     1    1    1    1  2.36389E+09 0.08645 
   99   99    1    1     1     1     1    1    1    1  2.75752E+09 0.08487 
  100  100    1    1     1     1     1    1    1    1  2.70054E+09 0.06276 
  101  101    1    1     1     1     1    1    1    1  2.88517E+09 0.05573 
  102  102    1    1     1     1     1    1    1    1  4.13603E+09 0.09013 
  103  103    1    1     1     1     1    1    1    1  3.43910E+09 0.06046 
  104  104    1    1     1     1     1    1    1    1  4.35483E+09 0.07136 
  105  105    1    1     1     1     1    1    1    1  4.40751E+09 0.05163 
