
DETspecTot = [
    1    1    1    1     1     1     1    1    1    1  0.00000E+00 0.00000 
    2    2    1    1     1     1     1    1    1    1  0.00000E+00 0.00000 
    3    3    1    1     1     1     1    1    1    1  0.00000E+00 0.00000 
    4    4    1    1     1     1     1    1    1    1  0.00000E+00 0.00000 
    5    5    1    1     1     1     1    1    1    1  1.24804E+05 1.00000 
    6    6    1    1     1     1     1    1    1    1  0.00000E+00 0.00000 
    7    7    1    1     1     1     1    1    1    1  1.51742E+05 1.00000 
    8    8    1    1     1     1     1    1    1    1  0.00000E+00 0.00000 
    9    9    1    1     1     1     1    1    1    1  0.00000E+00 0.00000 
   10   10    1    1     1     1     1    1    1    1  2.44748E+05 1.00000 
   11   11    1    1     1     1     1    1    1    1  0.00000E+00 0.00000 
   12   12    1    1     1     1     1    1    1    1  0.00000E+00 0.00000 
   13   13    1    1     1     1     1    1    1    1  0.00000E+00 0.00000 
   14   14    1    1     1     1     1    1    1    1  1.00623E+06 1.00000 
   15   15    1    1     1     1     1    1    1    1  0.00000E+00 0.00000 
   16   16    1    1     1     1     1    1    1    1  0.00000E+00 0.00000 
   17   17    1    1     1     1     1    1    1    1  1.11136E+06 0.70763 
   18   18    1    1     1     1     1    1    1    1  1.27481E+06 0.70720 
   19   19    1    1     1     1     1    1    1    1  5.84632E+05 1.00000 
   20   20    1    1     1     1     1    1    1    1  1.18503E+06 0.70730 
   21   21    1    1     1     1     1    1    1    1  2.04400E+06 0.40855 
   22   22    1    1     1     1     1    1    1    1  7.52672E+05 0.70710 
   23   23    1    1     1     1     1    1    1    1  1.15128E+06 0.70846 
   24   24    1    1     1     1     1    1    1    1  1.27607E+06 1.00000 
   25   25    1    1     1     1     1    1    1    1  2.49443E+06 1.00000 
   26   26    1    1     1     1     1    1    1    1  1.24886E+07 0.57842 
   27   27    1    1     1     1     1    1    1    1  3.86467E+06 0.70815 
   28   28    1    1     1     1     1    1    1    1  5.80340E+06 0.70731 
   29   29    1    1     1     1     1    1    1    1  1.73782E+07 1.00000 
   30   30    1    1     1     1     1    1    1    1  2.15228E+07 0.37280 
   31   31    1    1     1     1     1    1    1    1  7.54880E+06 1.00000 
   32   32    1    1     1     1     1    1    1    1  1.10426E+07 1.00000 
   33   33    1    1     1     1     1    1    1    1  4.10496E+07 0.33770 
   34   34    1    1     1     1     1    1    1    1  6.46954E+06 1.00000 
   35   35    1    1     1     1     1    1    1    1  1.05861E+07 1.00000 
   36   36    1    1     1     1     1    1    1    1  1.53545E+07 0.52219 
   37   37    1    1     1     1     1    1    1    1  1.17986E+07 0.55346 
   38   38    1    1     1     1     1    1    1    1  0.00000E+00 0.00000 
   39   39    1    1     1     1     1    1    1    1  7.51047E+05 1.00000 
   40   40    1    1     1     1     1    1    1    1  1.86388E+06 0.44787 
   41   41    1    1     1     1     1    1    1    1  0.00000E+00 0.00000 
   42   42    1    1     1     1     1    1    1    1  5.72829E+06 0.57735 
   43   43    1    1     1     1     1    1    1    1  0.00000E+00 0.00000 
   44   44    1    1     1     1     1    1    1    1  3.68027E+06 1.00000 
   45   45    1    1     1     1     1    1    1    1  1.41080E+06 1.00000 
   46   46    1    1     1     1     1    1    1    1  1.98398E+07 0.42663 
   47   47    1    1     1     1     1    1    1    1  2.13726E+07 0.46852 
   48   48    1    1     1     1     1    1    1    1  5.15881E+07 0.43807 
   49   49    1    1     1     1     1    1    1    1  1.03382E+08 0.29473 
   50   50    1    1     1     1     1    1    1    1  0.00000E+00 0.00000 
   51   51    1    1     1     1     1    1    1    1  8.82227E+07 0.32924 
   52   52    1    1     1     1     1    1    1    1  2.03883E+08 0.30323 
   53   53    1    1     1     1     1    1    1    1  1.49302E+08 0.28982 
   54   54    1    1     1     1     1    1    1    1  2.87905E+08 0.28661 
   55   55    1    1     1     1     1    1    1    1  2.29369E+08 0.30658 
   56   56    1    1     1     1     1    1    1    1  2.00340E+08 0.57721 
   57   57    1    1     1     1     1    1    1    1  2.51648E+08 0.28321 
   58   58    1    1     1     1     1    1    1    1  2.42407E+08 0.36185 
   59   59    1    1     1     1     1    1    1    1  2.73964E+08 0.26846 
   60   60    1    1     1     1     1    1    1    1  3.18134E+08 0.24287 
   61   61    1    1     1     1     1    1    1    1  5.56409E+08 0.52793 
   62   62    1    1     1     1     1    1    1    1  5.02913E+08 0.15791 
   63   63    1    1     1     1     1    1    1    1  6.86971E+08 0.18733 
   64   64    1    1     1     1     1    1    1    1  3.66380E+08 0.20112 
   65   65    1    1     1     1     1    1    1    1  3.39171E+08 0.18470 
   66   66    1    1     1     1     1    1    1    1  3.11337E+08 0.29483 
   67   67    1    1     1     1     1    1    1    1  2.79284E+08 0.21760 
   68   68    1    1     1     1     1    1    1    1  2.15265E+08 0.37981 
   69   69    1    1     1     1     1    1    1    1  2.86261E+08 0.23252 
   70   70    1    1     1     1     1    1    1    1  5.82101E+07 0.25941 
   71   71    1    1     1     1     1    1    1    1  8.69861E+07 0.20400 
   72   72    1    1     1     1     1    1    1    1  1.62982E+08 0.21223 
   73   73    1    1     1     1     1    1    1    1  7.58632E+07 0.21110 
   74   74    1    1     1     1     1    1    1    1  3.48152E+08 0.19896 
   75   75    1    1     1     1     1    1    1    1  2.01152E+08 0.16525 
   76   76    1    1     1     1     1    1    1    1  1.66488E+08 0.17527 
   77   77    1    1     1     1     1    1    1    1  4.37230E+08 0.16484 
   78   78    1    1     1     1     1    1    1    1  6.97077E+08 0.16565 
   79   79    1    1     1     1     1    1    1    1  8.49528E+08 0.14729 
   80   80    1    1     1     1     1    1    1    1  4.87970E+08 0.16018 
   81   81    1    1     1     1     1    1    1    1  2.32789E+08 0.16915 
   82   82    1    1     1     1     1    1    1    1  6.99125E+08 0.10453 
   83   83    1    1     1     1     1    1    1    1  1.15497E+09 0.11489 
   84   84    1    1     1     1     1    1    1    1  3.92669E+08 0.10581 
   85   85    1    1     1     1     1    1    1    1  1.11669E+09 0.10426 
   86   86    1    1     1     1     1    1    1    1  1.23977E+09 0.13090 
   87   87    1    1     1     1     1    1    1    1  9.96429E+08 0.09940 
   88   88    1    1     1     1     1    1    1    1  1.22713E+09 0.09504 
   89   89    1    1     1     1     1    1    1    1  9.17824E+08 0.08168 
   90   90    1    1     1     1     1    1    1    1  3.33869E+09 0.06912 
   91   91    1    1     1     1     1    1    1    1  3.27252E+09 0.06123 
   92   92    1    1     1     1     1    1    1    1  3.71855E+09 0.08234 
   93   93    1    1     1     1     1    1    1    1  3.48511E+09 0.09301 
   94   94    1    1     1     1     1    1    1    1  2.13892E+09 0.07121 
   95   95    1    1     1     1     1    1    1    1  1.67427E+09 0.07164 
   96   96    1    1     1     1     1    1    1    1  2.26001E+09 0.07430 
   97   97    1    1     1     1     1    1    1    1  2.21178E+09 0.05292 
   98   98    1    1     1     1     1    1    1    1  4.14504E+09 0.06739 
   99   99    1    1     1     1     1    1    1    1  4.73949E+09 0.06558 
  100  100    1    1     1     1     1    1    1    1  5.18877E+09 0.05050 
  101  101    1    1     1     1     1    1    1    1  5.19653E+09 0.04443 
  102  102    1    1     1     1     1    1    1    1  7.33426E+09 0.07045 
  103  103    1    1     1     1     1    1    1    1  5.52474E+09 0.04908 
  104  104    1    1     1     1     1    1    1    1  9.38139E+09 0.05502 
  105  105    1    1     1     1     1    1    1    1  7.70504E+09 0.04127 
