
DETspecTot = [
    1    1    1    1     1     1     1    1    1    1  0.00000E+00 0.00000 
    2    2    1    1     1     1     1    1    1    1  0.00000E+00 0.00000 
    3    3    1    1     1     1     1    1    1    1  0.00000E+00 0.00000 
    4    4    1    1     1     1     1    1    1    1  0.00000E+00 0.00000 
    5    5    1    1     1     1     1    1    1    1  0.00000E+00 0.00000 
    6    6    1    1     1     1     1    1    1    1  0.00000E+00 0.00000 
    7    7    1    1     1     1     1    1    1    1  0.00000E+00 0.00000 
    8    8    1    1     1     1     1    1    1    1  0.00000E+00 0.00000 
    9    9    1    1     1     1     1    1    1    1  0.00000E+00 0.00000 
   10   10    1    1     1     1     1    1    1    1  0.00000E+00 0.00000 
   11   11    1    1     1     1     1    1    1    1  0.00000E+00 0.00000 
   12   12    1    1     1     1     1    1    1    1  2.26460E+05 1.00000 
   13   13    1    1     1     1     1    1    1    1  0.00000E+00 0.00000 
   14   14    1    1     1     1     1    1    1    1  0.00000E+00 0.00000 
   15   15    1    1     1     1     1    1    1    1  4.23936E+05 1.00000 
   16   16    1    1     1     1     1    1    1    1  1.66081E+06 0.74423 
   17   17    1    1     1     1     1    1    1    1  1.70216E+06 0.74154 
   18   18    1    1     1     1     1    1    1    1  0.00000E+00 0.00000 
   19   19    1    1     1     1     1    1    1    1  0.00000E+00 0.00000 
   20   20    1    1     1     1     1    1    1    1  6.67555E+05 1.00000 
   21   21    1    1     1     1     1    1    1    1  2.30194E+06 0.47068 
   22   22    1    1     1     1     1    1    1    1  1.17576E+06 0.57773 
   23   23    1    1     1     1     1    1    1    1  1.52349E+06 0.58494 
   24   24    1    1     1     1     1    1    1    1  3.07185E+06 0.58137 
   25   25    1    1     1     1     1    1    1    1  0.00000E+00 0.00000 
   26   26    1    1     1     1     1    1    1    1  8.10832E+06 0.70838 
   27   27    1    1     1     1     1    1    1    1  1.99135E+06 1.00000 
   28   28    1    1     1     1     1    1    1    1  5.43027E+06 0.70915 
   29   29    1    1     1     1     1    1    1    1  0.00000E+00 0.00000 
   30   30    1    1     1     1     1    1    1    1  1.19929E+07 0.40832 
   31   31    1    1     1     1     1    1    1    1  1.87571E+07 0.53122 
   32   32    1    1     1     1     1    1    1    1  2.13367E+07 0.70706 
   33   33    1    1     1     1     1    1    1    1  5.96252E+06 0.70707 
   34   34    1    1     1     1     1    1    1    1  6.00411E+06 0.71291 
   35   35    1    1     1     1     1    1    1    1  0.00000E+00 0.00000 
   36   36    1    1     1     1     1    1    1    1  2.89065E+06 1.00000 
   37   37    1    1     1     1     1    1    1    1  6.63852E+06 0.61187 
   38   38    1    1     1     1     1    1    1    1  6.95451E+06 0.52351 
   39   39    1    1     1     1     1    1    1    1  8.04176E+05 1.00000 
   40   40    1    1     1     1     1    1    1    1  1.61352E+06 0.50053 
   41   41    1    1     1     1     1    1    1    1  1.58938E+06 1.00000 
   42   42    1    1     1     1     1    1    1    1  2.13160E+06 1.00000 
   43   43    1    1     1     1     1    1    1    1  2.86284E+06 0.72181 
   44   44    1    1     1     1     1    1    1    1  4.04119E+06 1.00000 
   45   45    1    1     1     1     1    1    1    1  4.92907E+06 0.70840 
   46   46    1    1     1     1     1    1    1    1  3.32900E+07 0.30201 
   47   47    1    1     1     1     1    1    1    1  1.82663E+07 0.44781 
   48   48    1    1     1     1     1    1    1    1  5.01002E+07 0.31675 
   49   49    1    1     1     1     1    1    1    1  6.51665E+07 0.34592 
   50   50    1    1     1     1     1    1    1    1  1.90241E+08 0.70704 
   51   51    1    1     1     1     1    1    1    1  1.59500E+08 0.31418 
   52   52    1    1     1     1     1    1    1    1  1.76797E+08 0.35138 
   53   53    1    1     1     1     1    1    1    1  2.51134E+08 0.36030 
   54   54    1    1     1     1     1    1    1    1  2.65310E+08 0.28270 
   55   55    1    1     1     1     1    1    1    1  1.69890E+08 0.35855 
   56   56    1    1     1     1     1    1    1    1  3.25451E+08 0.44708 
   57   57    1    1     1     1     1    1    1    1  2.74833E+08 0.29999 
   58   58    1    1     1     1     1    1    1    1  3.59785E+08 0.22436 
   59   59    1    1     1     1     1    1    1    1  3.24410E+08 0.25479 
   60   60    1    1     1     1     1    1    1    1  4.69221E+08 0.22691 
   61   61    1    1     1     1     1    1    1    1  2.21565E+08 0.70706 
   62   62    1    1     1     1     1    1    1    1  4.41218E+08 0.22710 
   63   63    1    1     1     1     1    1    1    1  4.20847E+08 0.20004 
   64   64    1    1     1     1     1    1    1    1  3.04223E+08 0.21179 
   65   65    1    1     1     1     1    1    1    1  2.96585E+08 0.17303 
   66   66    1    1     1     1     1    1    1    1  2.63884E+08 0.29111 
   67   67    1    1     1     1     1    1    1    1  2.03254E+08 0.27752 
   68   68    1    1     1     1     1    1    1    1  3.18085E+08 0.32267 
   69   69    1    1     1     1     1    1    1    1  2.02213E+08 0.26056 
   70   70    1    1     1     1     1    1    1    1  6.14136E+07 0.22105 
   71   71    1    1     1     1     1    1    1    1  9.27707E+07 0.19368 
   72   72    1    1     1     1     1    1    1    1  2.16079E+08 0.20620 
   73   73    1    1     1     1     1    1    1    1  6.26618E+07 0.22370 
   74   74    1    1     1     1     1    1    1    1  4.27682E+08 0.18135 
   75   75    1    1     1     1     1    1    1    1  2.00182E+08 0.18629 
   76   76    1    1     1     1     1    1    1    1  1.87830E+08 0.18920 
   77   77    1    1     1     1     1    1    1    1  3.91099E+08 0.16192 
   78   78    1    1     1     1     1    1    1    1  4.81409E+08 0.23679 
   79   79    1    1     1     1     1    1    1    1  7.46500E+08 0.14825 
   80   80    1    1     1     1     1    1    1    1  5.23691E+08 0.16396 
   81   81    1    1     1     1     1    1    1    1  3.43238E+08 0.13563 
   82   82    1    1     1     1     1    1    1    1  4.89719E+08 0.11279 
   83   83    1    1     1     1     1    1    1    1  9.24848E+08 0.12667 
   84   84    1    1     1     1     1    1    1    1  3.68832E+08 0.10637 
   85   85    1    1     1     1     1    1    1    1  9.23892E+08 0.10118 
   86   86    1    1     1     1     1    1    1    1  8.47810E+08 0.14371 
   87   87    1    1     1     1     1    1    1    1  8.21634E+08 0.10699 
   88   88    1    1     1     1     1    1    1    1  8.99666E+08 0.10414 
   89   89    1    1     1     1     1    1    1    1  8.33642E+08 0.08357 
   90   90    1    1     1     1     1    1    1    1  2.71654E+09 0.07472 
   91   91    1    1     1     1     1    1    1    1  2.78137E+09 0.06805 
   92   92    1    1     1     1     1    1    1    1  3.90855E+09 0.09010 
   93   93    1    1     1     1     1    1    1    1  3.06842E+09 0.09406 
   94   94    1    1     1     1     1    1    1    1  2.24695E+09 0.07599 
   95   95    1    1     1     1     1    1    1    1  1.14723E+09 0.07798 
   96   96    1    1     1     1     1    1    1    1  1.94614E+09 0.08058 
   97   97    1    1     1     1     1    1    1    1  1.84054E+09 0.05597 
   98   98    1    1     1     1     1    1    1    1  3.91139E+09 0.07002 
   99   99    1    1     1     1     1    1    1    1  3.61582E+09 0.07213 
  100  100    1    1     1     1     1    1    1    1  4.42450E+09 0.05358 
  101  101    1    1     1     1     1    1    1    1  4.61979E+09 0.04730 
  102  102    1    1     1     1     1    1    1    1  6.28557E+09 0.07496 
  103  103    1    1     1     1     1    1    1    1  4.82391E+09 0.04923 
  104  104    1    1     1     1     1    1    1    1  8.80805E+09 0.05618 
  105  105    1    1     1     1     1    1    1    1  6.90955E+09 0.04189 
