
DETspecTot = [
    1    1    1    1     1     1     1    1    1    1  0.00000E+00 0.00000 
    2    2    1    1     1     1     1    1    1    1  0.00000E+00 0.00000 
    3    3    1    1     1     1     1    1    1    1  0.00000E+00 0.00000 
    4    4    1    1     1     1     1    1    1    1  0.00000E+00 0.00000 
    5    5    1    1     1     1     1    1    1    1  0.00000E+00 0.00000 
    6    6    1    1     1     1     1    1    1    1  0.00000E+00 0.00000 
    7    7    1    1     1     1     1    1    1    1  0.00000E+00 0.00000 
    8    8    1    1     1     1     1    1    1    1  0.00000E+00 0.00000 
    9    9    1    1     1     1     1    1    1    1  0.00000E+00 0.00000 
   10   10    1    1     1     1     1    1    1    1  0.00000E+00 0.00000 
   11   11    1    1     1     1     1    1    1    1  0.00000E+00 0.00000 
   12   12    1    1     1     1     1    1    1    1  0.00000E+00 0.00000 
   13   13    1    1     1     1     1    1    1    1  0.00000E+00 0.00000 
   14   14    1    1     1     1     1    1    1    1  0.00000E+00 0.00000 
   15   15    1    1     1     1     1    1    1    1  0.00000E+00 0.00000 
   16   16    1    1     1     1     1    1    1    1  4.89079E+05 1.00000 
   17   17    1    1     1     1     1    1    1    1  5.94390E+05 1.00000 
   18   18    1    1     1     1     1    1    1    1  6.49716E+05 1.00000 
   19   19    1    1     1     1     1    1    1    1  0.00000E+00 0.00000 
   20   20    1    1     1     1     1    1    1    1  0.00000E+00 0.00000 
   21   21    1    1     1     1     1    1    1    1  3.45405E+05 1.00000 
   22   22    1    1     1     1     1    1    1    1  0.00000E+00 0.00000 
   23   23    1    1     1     1     1    1    1    1  7.13039E+05 1.00000 
   24   24    1    1     1     1     1    1    1    1  0.00000E+00 0.00000 
   25   25    1    1     1     1     1    1    1    1  0.00000E+00 0.00000 
   26   26    1    1     1     1     1    1    1    1  8.51777E+06 1.00000 
   27   27    1    1     1     1     1    1    1    1  7.37575E+06 0.61078 
   28   28    1    1     1     1     1    1    1    1  0.00000E+00 0.00000 
   29   29    1    1     1     1     1    1    1    1  1.76465E+07 1.00000 
   30   30    1    1     1     1     1    1    1    1  0.00000E+00 0.00000 
   31   31    1    1     1     1     1    1    1    1  3.47093E+06 1.00000 
   32   32    1    1     1     1     1    1    1    1  1.03220E+07 1.00000 
   33   33    1    1     1     1     1    1    1    1  5.86385E+06 0.70703 
   34   34    1    1     1     1     1    1    1    1  3.60355E+06 1.00000 
   35   35    1    1     1     1     1    1    1    1  0.00000E+00 0.00000 
   36   36    1    1     1     1     1    1    1    1  0.00000E+00 0.00000 
   37   37    1    1     1     1     1    1    1    1  0.00000E+00 0.00000 
   38   38    1    1     1     1     1    1    1    1  0.00000E+00 0.00000 
   39   39    1    1     1     1     1    1    1    1  1.90290E+06 1.00000 
   40   40    1    1     1     1     1    1    1    1  0.00000E+00 0.00000 
   41   41    1    1     1     1     1    1    1    1  0.00000E+00 0.00000 
   42   42    1    1     1     1     1    1    1    1  0.00000E+00 0.00000 
   43   43    1    1     1     1     1    1    1    1  2.89193E+06 1.00000 
   44   44    1    1     1     1     1    1    1    1  8.17074E+06 1.00000 
   45   45    1    1     1     1     1    1    1    1  0.00000E+00 0.00000 
   46   46    1    1     1     1     1    1    1    1  2.47027E+07 0.52821 
   47   47    1    1     1     1     1    1    1    1  8.95634E+06 0.70742 
   48   48    1    1     1     1     1    1    1    1  0.00000E+00 0.00000 
   49   49    1    1     1     1     1    1    1    1  4.33071E+07 0.62177 
   50   50    1    1     1     1     1    1    1    1  0.00000E+00 0.00000 
   51   51    1    1     1     1     1    1    1    1  1.73176E+07 0.70716 
   52   52    1    1     1     1     1    1    1    1  3.30954E+07 0.60664 
   53   53    1    1     1     1     1    1    1    1  9.31566E+06 1.00000 
   54   54    1    1     1     1     1    1    1    1  9.36302E+07 0.37544 
   55   55    1    1     1     1     1    1    1    1  7.08047E+07 0.42968 
   56   56    1    1     1     1     1    1    1    1  1.16088E+08 0.70703 
   57   57    1    1     1     1     1    1    1    1  1.21571E+08 0.50984 
   58   58    1    1     1     1     1    1    1    1  1.37737E+08 0.41750 
   59   59    1    1     1     1     1    1    1    1  1.50575E+08 0.32377 
   60   60    1    1     1     1     1    1    1    1  1.81955E+08 0.32549 
   61   61    1    1     1     1     1    1    1    1  1.93405E+08 0.70702 
   62   62    1    1     1     1     1    1    1    1  2.19967E+08 0.30468 
   63   63    1    1     1     1     1    1    1    1  9.02559E+07 0.30487 
   64   64    1    1     1     1     1    1    1    1  1.29232E+08 0.27497 
   65   65    1    1     1     1     1    1    1    1  1.82540E+08 0.22272 
   66   66    1    1     1     1     1    1    1    1  1.62668E+08 0.36067 
   67   67    1    1     1     1     1    1    1    1  1.06647E+08 0.43116 
   68   68    1    1     1     1     1    1    1    1  9.11332E+07 0.43490 
   69   69    1    1     1     1     1    1    1    1  8.42091E+07 0.39227 
   70   70    1    1     1     1     1    1    1    1  2.09227E+07 0.38821 
   71   71    1    1     1     1     1    1    1    1  3.76886E+07 0.29494 
   72   72    1    1     1     1     1    1    1    1  1.07351E+07 0.67790 
   73   73    1    1     1     1     1    1    1    1  2.64343E+07 0.35757 
   74   74    1    1     1     1     1    1    1    1  1.43457E+08 0.31791 
   75   75    1    1     1     1     1    1    1    1  8.65347E+07 0.30550 
   76   76    1    1     1     1     1    1    1    1  5.24947E+07 0.32475 
   77   77    1    1     1     1     1    1    1    1  1.16476E+08 0.26774 
   78   78    1    1     1     1     1    1    1    1  1.29654E+08 0.36506 
   79   79    1    1     1     1     1    1    1    1  1.59943E+08 0.27464 
   80   80    1    1     1     1     1    1    1    1  1.81734E+08 0.29380 
   81   81    1    1     1     1     1    1    1    1  5.32789E+07 0.29956 
   82   82    1    1     1     1     1    1    1    1  1.58977E+08 0.19921 
   83   83    1    1     1     1     1    1    1    1  2.86126E+08 0.20471 
   84   84    1    1     1     1     1    1    1    1  1.86404E+08 0.15841 
   85   85    1    1     1     1     1    1    1    1  4.44206E+08 0.15503 
   86   86    1    1     1     1     1    1    1    1  3.18451E+08 0.20785 
   87   87    1    1     1     1     1    1    1    1  2.28172E+08 0.18629 
   88   88    1    1     1     1     1    1    1    1  2.14640E+08 0.17652 
   89   89    1    1     1     1     1    1    1    1  2.62257E+08 0.13597 
   90   90    1    1     1     1     1    1    1    1  7.62026E+08 0.11368 
   91   91    1    1     1     1     1    1    1    1  9.87845E+08 0.10600 
   92   92    1    1     1     1     1    1    1    1  1.03855E+09 0.15500 
   93   93    1    1     1     1     1    1    1    1  9.62192E+08 0.14355 
   94   94    1    1     1     1     1    1    1    1  7.23155E+08 0.11586 
   95   95    1    1     1     1     1    1    1    1  3.86079E+08 0.11488 
   96   96    1    1     1     1     1    1    1    1  7.46629E+08 0.12026 
   97   97    1    1     1     1     1    1    1    1  7.34678E+08 0.08783 
   98   98    1    1     1     1     1    1    1    1  1.09980E+09 0.11797 
   99   99    1    1     1     1     1    1    1    1  1.16441E+09 0.12288 
  100  100    1    1     1     1     1    1    1    1  1.38248E+09 0.08405 
  101  101    1    1     1     1     1    1    1    1  1.64625E+09 0.07273 
  102  102    1    1     1     1     1    1    1    1  1.82530E+09 0.12897 
  103  103    1    1     1     1     1    1    1    1  1.73775E+09 0.08132 
  104  104    1    1     1     1     1    1    1    1  2.63059E+09 0.09214 
  105  105    1    1     1     1     1    1    1    1  2.48732E+09 0.06659 
