
DETspecTot = [
    1    1    1    1     1     1     1    1    1    1  0.00000E+00 0.00000 
    2    2    1    1     1     1     1    1    1    1  0.00000E+00 0.00000 
    3    3    1    1     1     1     1    1    1    1  0.00000E+00 0.00000 
    4    4    1    1     1     1     1    1    1    1  0.00000E+00 0.00000 
    5    5    1    1     1     1     1    1    1    1  0.00000E+00 0.00000 
    6    6    1    1     1     1     1    1    1    1  0.00000E+00 0.00000 
    7    7    1    1     1     1     1    1    1    1  1.56123E+05 1.00000 
    8    8    1    1     1     1     1    1    1    1  1.04787E+06 1.00000 
    9    9    1    1     1     1     1    1    1    1  0.00000E+00 0.00000 
   10   10    1    1     1     1     1    1    1    1  2.47228E+05 1.00000 
   11   11    1    1     1     1     1    1    1    1  0.00000E+00 0.00000 
   12   12    1    1     1     1     1    1    1    1  2.18174E+05 1.00000 
   13   13    1    1     1     1     1    1    1    1  7.84700E+05 0.57746 
   14   14    1    1     1     1     1    1    1    1  0.00000E+00 0.00000 
   15   15    1    1     1     1     1    1    1    1  4.24733E+05 1.00000 
   16   16    1    1     1     1     1    1    1    1  0.00000E+00 0.00000 
   17   17    1    1     1     1     1    1    1    1  5.63927E+05 1.00000 
   18   18    1    1     1     1     1    1    1    1  6.52804E+05 1.00000 
   19   19    1    1     1     1     1    1    1    1  3.61732E+06 0.40857 
   20   20    1    1     1     1     1    1    1    1  6.64021E+05 1.00000 
   21   21    1    1     1     1     1    1    1    1  3.40264E+05 1.00000 
   22   22    1    1     1     1     1    1    1    1  1.12872E+06 0.57721 
   23   23    1    1     1     1     1    1    1    1  0.00000E+00 0.00000 
   24   24    1    1     1     1     1    1    1    1  9.05273E+05 1.00000 
   25   25    1    1     1     1     1    1    1    1  2.29433E+06 1.00000 
   26   26    1    1     1     1     1    1    1    1  2.03777E+07 0.44711 
   27   27    1    1     1     1     1    1    1    1  7.49943E+06 0.61347 
   28   28    1    1     1     1     1    1    1    1  2.49479E+07 0.46084 
   29   29    1    1     1     1     1    1    1    1  1.73646E+07 1.00000 
   30   30    1    1     1     1     1    1    1    1  3.31398E+07 0.37619 
   31   31    1    1     1     1     1    1    1    1  2.19076E+07 0.40829 
   32   32    1    1     1     1     1    1    1    1  7.47797E+07 0.47353 
   33   33    1    1     1     1     1    1    1    1  2.69641E+07 0.43521 
   34   34    1    1     1     1     1    1    1    1  2.42334E+07 0.42893 
   35   35    1    1     1     1     1    1    1    1  4.11278E+07 0.49988 
   36   36    1    1     1     1     1    1    1    1  2.04549E+07 0.37842 
   37   37    1    1     1     1     1    1    1    1  7.12508E+06 0.57848 
   38   38    1    1     1     1     1    1    1    1  1.55847E+06 1.00000 
   39   39    1    1     1     1     1    1    1    1  0.00000E+00 0.00000 
   40   40    1    1     1     1     1    1    1    1  9.23576E+05 0.57730 
   41   41    1    1     1     1     1    1    1    1  0.00000E+00 0.00000 
   42   42    1    1     1     1     1    1    1    1  0.00000E+00 0.00000 
   43   43    1    1     1     1     1    1    1    1  0.00000E+00 0.00000 
   44   44    1    1     1     1     1    1    1    1  3.74413E+06 1.00000 
   45   45    1    1     1     1     1    1    1    1  9.71083E+06 0.50574 
   46   46    1    1     1     1     1    1    1    1  2.06789E+07 0.42575 
   47   47    1    1     1     1     1    1    1    1  2.31158E+07 0.42417 
   48   48    1    1     1     1     1    1    1    1  3.31314E+07 0.43037 
   49   49    1    1     1     1     1    1    1    1  8.75383E+07 0.36307 
   50   50    1    1     1     1     1    1    1    1  1.88334E+08 0.70704 
   51   51    1    1     1     1     1    1    1    1  4.64489E+07 0.40819 
   52   52    1    1     1     1     1    1    1    1  2.22290E+08 0.24897 
   53   53    1    1     1     1     1    1    1    1  2.30393E+08 0.28375 
   54   54    1    1     1     1     1    1    1    1  1.76203E+08 0.33632 
   55   55    1    1     1     1     1    1    1    1  2.41856E+08 0.28830 
   56   56    1    1     1     1     1    1    1    1  3.31727E+08 0.44703 
   57   57    1    1     1     1     1    1    1    1  5.02047E+08 0.22821 
   58   58    1    1     1     1     1    1    1    1  3.97333E+08 0.22313 
   59   59    1    1     1     1     1    1    1    1  3.72948E+08 0.27713 
   60   60    1    1     1     1     1    1    1    1  4.52930E+08 0.20363 
   61   61    1    1     1     1     1    1    1    1  1.09477E+08 1.00000 
   62   62    1    1     1     1     1    1    1    1  4.48389E+08 0.14788 
   63   63    1    1     1     1     1    1    1    1  5.43147E+08 0.16997 
   64   64    1    1     1     1     1    1    1    1  5.40488E+08 0.16851 
   65   65    1    1     1     1     1    1    1    1  4.04450E+08 0.15687 
   66   66    1    1     1     1     1    1    1    1  6.28856E+08 0.23844 
   67   67    1    1     1     1     1    1    1    1  2.72192E+08 0.19932 
   68   68    1    1     1     1     1    1    1    1  3.46217E+08 0.22571 
   69   69    1    1     1     1     1    1    1    1  1.98444E+08 0.25047 
   70   70    1    1     1     1     1    1    1    1  8.45774E+07 0.17214 
   71   71    1    1     1     1     1    1    1    1  9.57437E+07 0.15688 
   72   72    1    1     1     1     1    1    1    1  1.60086E+08 0.22126 
   73   73    1    1     1     1     1    1    1    1  1.29978E+08 0.19037 
   74   74    1    1     1     1     1    1    1    1  5.27105E+08 0.16728 
   75   75    1    1     1     1     1    1    1    1  2.44538E+08 0.17763 
   76   76    1    1     1     1     1    1    1    1  2.07064E+08 0.14225 
   77   77    1    1     1     1     1    1    1    1  5.19220E+08 0.13279 
   78   78    1    1     1     1     1    1    1    1  6.27674E+08 0.17427 
   79   79    1    1     1     1     1    1    1    1  1.22979E+09 0.11993 
   80   80    1    1     1     1     1    1    1    1  9.73854E+08 0.13903 
   81   81    1    1     1     1     1    1    1    1  3.58404E+08 0.11959 
   82   82    1    1     1     1     1    1    1    1  8.38816E+08 0.09814 
   83   83    1    1     1     1     1    1    1    1  9.73288E+08 0.11396 
   84   84    1    1     1     1     1    1    1    1  4.45509E+08 0.09832 
   85   85    1    1     1     1     1    1    1    1  1.22338E+09 0.09772 
   86   86    1    1     1     1     1    1    1    1  1.25816E+09 0.11876 
   87   87    1    1     1     1     1    1    1    1  1.12626E+09 0.09771 
   88   88    1    1     1     1     1    1    1    1  1.22629E+09 0.09969 
   89   89    1    1     1     1     1    1    1    1  1.05716E+09 0.07867 
   90   90    1    1     1     1     1    1    1    1  3.85868E+09 0.06500 
   91   91    1    1     1     1     1    1    1    1  4.07439E+09 0.06090 
   92   92    1    1     1     1     1    1    1    1  4.88939E+09 0.07962 
   93   93    1    1     1     1     1    1    1    1  3.77769E+09 0.08088 
   94   94    1    1     1     1     1    1    1    1  2.66677E+09 0.06837 
   95   95    1    1     1     1     1    1    1    1  1.98113E+09 0.07107 
   96   96    1    1     1     1     1    1    1    1  3.06249E+09 0.06519 
   97   97    1    1     1     1     1    1    1    1  2.76030E+09 0.04912 
   98   98    1    1     1     1     1    1    1    1  5.39728E+09 0.05927 
   99   99    1    1     1     1     1    1    1    1  5.27245E+09 0.06196 
  100  100    1    1     1     1     1    1    1    1  6.22011E+09 0.04677 
  101  101    1    1     1     1     1    1    1    1  6.21654E+09 0.04192 
  102  102    1    1     1     1     1    1    1    1  8.08611E+09 0.06525 
  103  103    1    1     1     1     1    1    1    1  6.48458E+09 0.04540 
  104  104    1    1     1     1     1    1    1    1  1.10388E+10 0.04992 
  105  105    1    1     1     1     1    1    1    1  8.92433E+09 0.03731 
