
ZAI = [
666
0
];

NAMES = [
'lost            '
'total           '
];

iLOST    = 1;
iTOT     = 2;

MAT_NaCl_UCl3_VOLUME = [ 1.00000E+00 1.00000E+00 1.00000E+00 1.00000E+00 1.00000E+00 1.00000E+00 1.00000E+00 1.00000E+00 1.00000E+00 1.00000E+00 1.00000E+00 1.00000E+00 1.00000E+00 1.00000E+00 1.00000E+00 1.00000E+00 1.00000E+00 1.00000E+00 1.00000E+00 1.00000E+00 1.00000E+00 1.00000E+00 1.00000E+00 1.00000E+00 1.00000E+00 1.00000E+00 1.00000E+00 ];

MAT_NaCl_UCl3_BURNUP = [ 0.00000E+00 5.00009E+00 1.00002E+01 2.00003E+01 3.00005E+01 4.00007E+01 5.00009E+01 6.00010E+01 7.00012E+01 8.00013E+01 9.00014E+01 1.00002E+02 1.10002E+02 1.20002E+02 1.30002E+02 1.40002E+02 1.50002E+02 1.60002E+02 1.70002E+02 1.80003E+02 1.90003E+02 2.00003E+02 2.10003E+02 2.20003E+02 2.30003E+02 2.40003E+02 2.50003E+02 ];

MAT_NaCl_UCl3_ADENS = [
0.00000E+00 1.07575E-12 2.15151E-12 4.30309E-12 6.45498E-12 8.60673E-12 1.07585E-11 1.29105E-11 1.50617E-11 1.72116E-11 1.93610E-11 2.15072E-11 2.36516E-11 2.57930E-11 2.79308E-11 3.00632E-11 3.21904E-11 3.43108E-11 3.64236E-11 3.85277E-11 4.06224E-11 4.27053E-11 4.47765E-11 4.68355E-11 4.88802E-11 5.09107E-11 5.29258E-11 % lost data
3.42523E-02 3.42757E-02 3.42991E-02 3.43458E-02 3.43925E-02 3.44392E-02 3.44858E-02 3.45324E-02 3.45790E-02 3.46255E-02 3.46720E-02 3.47184E-02 3.47649E-02 3.48113E-02 3.48576E-02 3.49039E-02 3.49502E-02 3.49965E-02 3.50428E-02 3.50890E-02 3.51352E-02 3.51814E-02 3.52276E-02 3.52738E-02 3.53200E-02 3.53662E-02 3.54123E-02 % total
];

MAT_NaCl_UCl3_MDENS = [
0.00000E+00 0.00000E+00 0.00000E+00 0.00000E+00 0.00000E+00 0.00000E+00 0.00000E+00 0.00000E+00 0.00000E+00 0.00000E+00 0.00000E+00 0.00000E+00 0.00000E+00 0.00000E+00 0.00000E+00 0.00000E+00 0.00000E+00 0.00000E+00 0.00000E+00 0.00000E+00 0.00000E+00 0.00000E+00 0.00000E+00 0.00000E+00 0.00000E+00 0.00000E+00 0.00000E+00 % lost data
3.31630E+00 3.31626E+00 3.31622E+00 3.31615E+00 3.31608E+00 3.31601E+00 3.31594E+00 3.31587E+00 3.31580E+00 3.31574E+00 3.31567E+00 3.31561E+00 3.31555E+00 3.31549E+00 3.31544E+00 3.31538E+00 3.31533E+00 3.31528E+00 3.31523E+00 3.31519E+00 3.31515E+00 3.31511E+00 3.31507E+00 3.31503E+00 3.31500E+00 3.31497E+00 3.31494E+00 % total
];

MAT_NaCl_UCl3_A = [
0.00000E+00 0.00000E+00 0.00000E+00 0.00000E+00 0.00000E+00 0.00000E+00 0.00000E+00 0.00000E+00 0.00000E+00 0.00000E+00 0.00000E+00 0.00000E+00 0.00000E+00 0.00000E+00 0.00000E+00 0.00000E+00 0.00000E+00 0.00000E+00 0.00000E+00 0.00000E+00 0.00000E+00 0.00000E+00 0.00000E+00 0.00000E+00 0.00000E+00 0.00000E+00 0.00000E+00 % lost data
4.31815E+04 7.40879E+12 7.47994E+12 7.48623E+12 7.53200E+12 7.57199E+12 7.61025E+12 7.64836E+12 7.68682E+12 7.72579E+12 7.76493E+12 7.80475E+12 7.84437E+12 7.88402E+12 7.92334E+12 7.96241E+12 8.00059E+12 8.03788E+12 8.07386E+12 8.10861E+12 8.14154E+12 8.17281E+12 8.20227E+12 8.23002E+12 8.25555E+12 8.27946E+12 8.30132E+12 % total
];

MAT_NaCl_UCl3_H = [
0.00000E+00 0.00000E+00 0.00000E+00 0.00000E+00 0.00000E+00 0.00000E+00 0.00000E+00 0.00000E+00 0.00000E+00 0.00000E+00 0.00000E+00 0.00000E+00 0.00000E+00 0.00000E+00 0.00000E+00 0.00000E+00 0.00000E+00 0.00000E+00 0.00000E+00 0.00000E+00 0.00000E+00 0.00000E+00 0.00000E+00 0.00000E+00 0.00000E+00 0.00000E+00 0.00000E+00 % lost data
3.10147E-08 2.28824E+00 2.29065E+00 2.26859E+00 2.26235E+00 2.25542E+00 2.24823E+00 2.24098E+00 2.23371E+00 2.22646E+00 2.21930E+00 2.21221E+00 2.20529E+00 2.19854E+00 2.19201E+00 2.18573E+00 2.17977E+00 2.17412E+00 2.16882E+00 2.16392E+00 2.15941E+00 2.15527E+00 2.15159E+00 2.14837E+00 2.14549E+00 2.14307E+00 2.14103E+00 % total
];

MAT_NaCl_UCl3_SF = [
0.00000E+00 0.00000E+00 0.00000E+00 0.00000E+00 0.00000E+00 0.00000E+00 0.00000E+00 0.00000E+00 0.00000E+00 0.00000E+00 0.00000E+00 0.00000E+00 0.00000E+00 0.00000E+00 0.00000E+00 0.00000E+00 0.00000E+00 0.00000E+00 0.00000E+00 0.00000E+00 0.00000E+00 0.00000E+00 0.00000E+00 0.00000E+00 0.00000E+00 0.00000E+00 0.00000E+00 % lost data
9.13196E-03 1.55068E-02 3.45833E-02 1.15264E-01 2.66436E-01 5.14979E-01 9.00859E-01 1.47876E+00 2.31935E+00 3.51032E+00 5.15604E+00 7.38117E+00 1.03241E+01 1.41421E+01 1.90062E+01 2.51016E+01 3.26183E+01 4.17574E+01 5.27165E+01 6.57012E+01 8.08948E+01 9.84978E+01 1.18684E+02 1.41617E+02 1.67469E+02 1.96373E+02 2.28476E+02 % total
];

MAT_NaCl_UCl3_GSRC = [
0.00000E+00 0.00000E+00 0.00000E+00 0.00000E+00 0.00000E+00 0.00000E+00 0.00000E+00 0.00000E+00 0.00000E+00 0.00000E+00 0.00000E+00 0.00000E+00 0.00000E+00 0.00000E+00 0.00000E+00 0.00000E+00 0.00000E+00 0.00000E+00 0.00000E+00 0.00000E+00 0.00000E+00 0.00000E+00 0.00000E+00 0.00000E+00 0.00000E+00 0.00000E+00 0.00000E+00 % lost data
3.55672E+04 9.73416E+12 9.76864E+12 9.72602E+12 9.76034E+12 9.79526E+12 9.83101E+12 9.86793E+12 9.90593E+12 9.94492E+12 9.98443E+12 1.00248E+13 1.00650E+13 1.01052E+13 1.01450E+13 1.01843E+13 1.02225E+13 1.02593E+13 1.02944E+13 1.03278E+13 1.03589E+13 1.03876E+13 1.04139E+13 1.04381E+13 1.04592E+13 1.04782E+13 1.04946E+13 % total
];

MAT_NaCl_UCl3_ING_TOX = [
0.00000E+00 0.00000E+00 0.00000E+00 0.00000E+00 0.00000E+00 0.00000E+00 0.00000E+00 0.00000E+00 0.00000E+00 0.00000E+00 0.00000E+00 0.00000E+00 0.00000E+00 0.00000E+00 0.00000E+00 0.00000E+00 0.00000E+00 0.00000E+00 0.00000E+00 0.00000E+00 0.00000E+00 0.00000E+00 0.00000E+00 0.00000E+00 0.00000E+00 0.00000E+00 0.00000E+00 % lost data
1.99609E-03 3.38437E+03 3.54832E+03 3.71177E+03 3.85034E+03 3.97374E+03 4.09251E+03 4.21021E+03 4.32817E+03 4.44703E+03 4.56694E+03 4.68857E+03 4.81167E+03 4.93658E+03 5.06328E+03 5.19194E+03 5.32216E+03 5.45395E+03 5.58690E+03 5.72086E+03 5.85518E+03 5.98972E+03 6.12389E+03 6.25735E+03 6.38951E+03 6.52012E+03 6.64860E+03 % total
];

MAT_NaCl_UCl3_INH_TOX = [
0.00000E+00 0.00000E+00 0.00000E+00 0.00000E+00 0.00000E+00 0.00000E+00 0.00000E+00 0.00000E+00 0.00000E+00 0.00000E+00 0.00000E+00 0.00000E+00 0.00000E+00 0.00000E+00 0.00000E+00 0.00000E+00 0.00000E+00 0.00000E+00 0.00000E+00 0.00000E+00 0.00000E+00 0.00000E+00 0.00000E+00 0.00000E+00 0.00000E+00 0.00000E+00 0.00000E+00 % lost data
3.58682E-01 6.84241E+03 9.37547E+03 1.34657E+04 1.74592E+04 2.18315E+04 2.68460E+04 3.26963E+04 3.95546E+04 4.75838E+04 5.69339E+04 6.77530E+04 8.01635E+04 9.42739E+04 1.10168E+05 1.27907E+05 1.47513E+05 1.68980E+05 1.92261E+05 2.17286E+05 2.43934E+05 2.72067E+05 3.01516E+05 3.32086E+05 3.63572E+05 3.95751E+05 4.28397E+05 % total
];

TOT_VOLUME = [ 1.00000E+00 1.00000E+00 1.00000E+00 1.00000E+00 1.00000E+00 1.00000E+00 1.00000E+00 1.00000E+00 1.00000E+00 1.00000E+00 1.00000E+00 1.00000E+00 1.00000E+00 1.00000E+00 1.00000E+00 1.00000E+00 1.00000E+00 1.00000E+00 1.00000E+00 1.00000E+00 1.00000E+00 1.00000E+00 1.00000E+00 1.00000E+00 1.00000E+00 1.00000E+00 1.00000E+00 ];

TOT_BURNUP = [ 0.00000E+00 -NAN -NAN -NAN -NAN -NAN -NAN -NAN -NAN -NAN -NAN -NAN -NAN -NAN -NAN -NAN -NAN -NAN -NAN -NAN -NAN -NAN -NAN -NAN -NAN -NAN -NAN ];

TOT_ADENS = [
0.00000E+00 1.07575E-12 2.15151E-12 4.30309E-12 6.45498E-12 8.60673E-12 1.07585E-11 1.29105E-11 1.50617E-11 1.72116E-11 1.93610E-11 2.15072E-11 2.36516E-11 2.57930E-11 2.79308E-11 3.00632E-11 3.21904E-11 3.43108E-11 3.64236E-11 3.85277E-11 4.06224E-11 4.27053E-11 4.47765E-11 4.68355E-11 4.88802E-11 5.09107E-11 5.29258E-11 % lost data
3.42523E-02 3.42757E-02 3.42991E-02 3.43458E-02 3.43925E-02 3.44392E-02 3.44858E-02 3.45324E-02 3.45790E-02 3.46255E-02 3.46720E-02 3.47184E-02 3.47649E-02 3.48113E-02 3.48576E-02 3.49039E-02 3.49502E-02 3.49965E-02 3.50428E-02 3.50890E-02 3.51352E-02 3.51814E-02 3.52276E-02 3.52738E-02 3.53200E-02 3.53662E-02 3.54123E-02 % total
];

