
DETspecTot = [
    1    1    1    1     1     1     1    1    1    1  0.00000E+00 0.00000 
    2    2    1    1     1     1     1    1    1    1  0.00000E+00 0.00000 
    3    3    1    1     1     1     1    1    1    1  0.00000E+00 0.00000 
    4    4    1    1     1     1     1    1    1    1  0.00000E+00 0.00000 
    5    5    1    1     1     1     1    1    1    1  0.00000E+00 0.00000 
    6    6    1    1     1     1     1    1    1    1  0.00000E+00 0.00000 
    7    7    1    1     1     1     1    1    1    1  0.00000E+00 0.00000 
    8    8    1    1     1     1     1    1    1    1  0.00000E+00 0.00000 
    9    9    1    1     1     1     1    1    1    1  0.00000E+00 0.00000 
   10   10    1    1     1     1     1    1    1    1  2.44349E+05 1.00000 
   11   11    1    1     1     1     1    1    1    1  0.00000E+00 0.00000 
   12   12    1    1     1     1     1    1    1    1  0.00000E+00 0.00000 
   13   13    1    1     1     1     1    1    1    1  0.00000E+00 0.00000 
   14   14    1    1     1     1     1    1    1    1  0.00000E+00 0.00000 
   15   15    1    1     1     1     1    1    1    1  0.00000E+00 0.00000 
   16   16    1    1     1     1     1    1    1    1  0.00000E+00 0.00000 
   17   17    1    1     1     1     1    1    1    1  0.00000E+00 0.00000 
   18   18    1    1     1     1     1    1    1    1  0.00000E+00 0.00000 
   19   19    1    1     1     1     1    1    1    1  0.00000E+00 0.00000 
   20   20    1    1     1     1     1    1    1    1  0.00000E+00 0.00000 
   21   21    1    1     1     1     1    1    1    1  0.00000E+00 0.00000 
   22   22    1    1     1     1     1    1    1    1  4.58489E+05 1.00000 
   23   23    1    1     1     1     1    1    1    1  6.78433E+05 1.00000 
   24   24    1    1     1     1     1    1    1    1  0.00000E+00 0.00000 
   25   25    1    1     1     1     1    1    1    1  0.00000E+00 0.00000 
   26   26    1    1     1     1     1    1    1    1  0.00000E+00 0.00000 
   27   27    1    1     1     1     1    1    1    1  0.00000E+00 0.00000 
   28   28    1    1     1     1     1    1    1    1  2.89137E+06 1.00000 
   29   29    1    1     1     1     1    1    1    1  0.00000E+00 0.00000 
   30   30    1    1     1     1     1    1    1    1  0.00000E+00 0.00000 
   31   31    1    1     1     1     1    1    1    1  3.48900E+06 1.00000 
   32   32    1    1     1     1     1    1    1    1  0.00000E+00 0.00000 
   33   33    1    1     1     1     1    1    1    1  1.14463E+07 0.61271 
   34   34    1    1     1     1     1    1    1    1  9.98474E+06 0.73378 
   35   35    1    1     1     1     1    1    1    1  0.00000E+00 0.00000 
   36   36    1    1     1     1     1    1    1    1  0.00000E+00 0.00000 
   37   37    1    1     1     1     1    1    1    1  1.12991E+07 0.72712 
   38   38    1    1     1     1     1    1    1    1  8.44823E+06 0.70827 
   39   39    1    1     1     1     1    1    1    1  2.29374E+06 1.00000 
   40   40    1    1     1     1     1    1    1    1  2.84266E+06 0.70713 
   41   41    1    1     1     1     1    1    1    1  0.00000E+00 0.00000 
   42   42    1    1     1     1     1    1    1    1  0.00000E+00 0.00000 
   43   43    1    1     1     1     1    1    1    1  0.00000E+00 0.00000 
   44   44    1    1     1     1     1    1    1    1  2.76000E+07 0.57972 
   45   45    1    1     1     1     1    1    1    1  9.14585E+06 0.70710 
   46   46    1    1     1     1     1    1    1    1  3.90597E+07 0.40019 
   47   47    1    1     1     1     1    1    1    1  9.72539E+06 0.70702 
   48   48    1    1     1     1     1    1    1    1  3.20153E+07 0.51833 
   49   49    1    1     1     1     1    1    1    1  6.62731E+07 0.71133 
   50   50    1    1     1     1     1    1    1    1  2.15315E+08 0.70708 
   51   51    1    1     1     1     1    1    1    1  3.49090E+07 0.60869 
   52   52    1    1     1     1     1    1    1    1  2.43127E+07 0.57731 
   53   53    1    1     1     1     1    1    1    1  6.34263E+07 0.47366 
   54   54    1    1     1     1     1    1    1    1  6.35998E+07 0.47235 
   55   55    1    1     1     1     1    1    1    1  8.73622E+07 0.63886 
   56   56    1    1     1     1     1    1    1    1  0.00000E+00 0.00000 
   57   57    1    1     1     1     1    1    1    1  9.39581E+07 0.46828 
   58   58    1    1     1     1     1    1    1    1  5.75298E+07 0.58276 
   59   59    1    1     1     1     1    1    1    1  1.24901E+08 0.39814 
   60   60    1    1     1     1     1    1    1    1  9.42361E+07 0.40900 
   61   61    1    1     1     1     1    1    1    1  1.86393E+08 0.70705 
   62   62    1    1     1     1     1    1    1    1  1.08480E+08 0.37046 
   63   63    1    1     1     1     1    1    1    1  9.57619E+07 0.47739 
   64   64    1    1     1     1     1    1    1    1  6.45935E+07 0.41649 
   65   65    1    1     1     1     1    1    1    1  6.29443E+07 0.39296 
   66   66    1    1     1     1     1    1    1    1  1.00095E+08 0.52534 
   67   67    1    1     1     1     1    1    1    1  4.47698E+07 0.43608 
   68   68    1    1     1     1     1    1    1    1  5.58202E+07 0.66899 
   69   69    1    1     1     1     1    1    1    1  2.48609E+07 0.68523 
   70   70    1    1     1     1     1    1    1    1  1.52143E+07 0.51704 
   71   71    1    1     1     1     1    1    1    1  1.50738E+07 0.47666 
   72   72    1    1     1     1     1    1    1    1  9.80237E+06 0.61194 
   73   73    1    1     1     1     1    1    1    1  9.98021E+06 0.40153 
   74   74    1    1     1     1     1    1    1    1  5.28322E+07 0.38007 
   75   75    1    1     1     1     1    1    1    1  6.70161E+07 0.44763 
   76   76    1    1     1     1     1    1    1    1  4.64918E+07 0.44236 
   77   77    1    1     1     1     1    1    1    1  5.50517E+07 0.33551 
   78   78    1    1     1     1     1    1    1    1  1.12439E+08 0.37819 
   79   79    1    1     1     1     1    1    1    1  2.17074E+08 0.26664 
   80   80    1    1     1     1     1    1    1    1  1.30066E+08 0.37220 
   81   81    1    1     1     1     1    1    1    1  1.04044E+08 0.26536 
   82   82    1    1     1     1     1    1    1    1  7.99461E+07 0.24001 
   83   83    1    1     1     1     1    1    1    1  1.89348E+08 0.23621 
   84   84    1    1     1     1     1    1    1    1  6.68971E+07 0.25237 
   85   85    1    1     1     1     1    1    1    1  1.67649E+08 0.21424 
   86   86    1    1     1     1     1    1    1    1  1.93587E+08 0.31117 
   87   87    1    1     1     1     1    1    1    1  1.58745E+08 0.21732 
   88   88    1    1     1     1     1    1    1    1  2.03279E+08 0.19533 
   89   89    1    1     1     1     1    1    1    1  2.63134E+08 0.16039 
   90   90    1    1     1     1     1    1    1    1  6.19675E+08 0.12523 
   91   91    1    1     1     1     1    1    1    1  6.69941E+08 0.11442 
   92   92    1    1     1     1     1    1    1    1  1.15193E+09 0.16653 
   93   93    1    1     1     1     1    1    1    1  6.35279E+08 0.18819 
   94   94    1    1     1     1     1    1    1    1  4.34758E+08 0.15029 
   95   95    1    1     1     1     1    1    1    1  2.66069E+08 0.13346 
   96   96    1    1     1     1     1    1    1    1  5.73608E+08 0.12483 
   97   97    1    1     1     1     1    1    1    1  6.09253E+08 0.10220 
   98   98    1    1     1     1     1    1    1    1  7.99461E+08 0.13434 
   99   99    1    1     1     1     1    1    1    1  8.57068E+08 0.13303 
  100  100    1    1     1     1     1    1    1    1  1.08810E+09 0.09715 
  101  101    1    1     1     1     1    1    1    1  1.21853E+09 0.08598 
  102  102    1    1     1     1     1    1    1    1  1.84403E+09 0.13119 
  103  103    1    1     1     1     1    1    1    1  1.28453E+09 0.08866 
  104  104    1    1     1     1     1    1    1    1  1.95779E+09 0.10713 
  105  105    1    1     1     1     1    1    1    1  1.83286E+09 0.07393 
