
DETspecTot = [
    1    1    1    1     1     1     1    1    1    1  0.00000E+00 0.00000 
    2    2    1    1     1     1     1    1    1    1  0.00000E+00 0.00000 
    3    3    1    1     1     1     1    1    1    1  0.00000E+00 0.00000 
    4    4    1    1     1     1     1    1    1    1  0.00000E+00 0.00000 
    5    5    1    1     1     1     1    1    1    1  1.08051E+05 1.00000 
    6    6    1    1     1     1     1    1    1    1  0.00000E+00 0.00000 
    7    7    1    1     1     1     1    1    1    1  0.00000E+00 0.00000 
    8    8    1    1     1     1     1    1    1    1  1.01165E+06 1.00000 
    9    9    1    1     1     1     1    1    1    1  0.00000E+00 0.00000 
   10   10    1    1     1     1     1    1    1    1  0.00000E+00 0.00000 
   11   11    1    1     1     1     1    1    1    1  0.00000E+00 0.00000 
   12   12    1    1     1     1     1    1    1    1  0.00000E+00 0.00000 
   13   13    1    1     1     1     1    1    1    1  5.33473E+05 0.70755 
   14   14    1    1     1     1     1    1    1    1  0.00000E+00 0.00000 
   15   15    1    1     1     1     1    1    1    1  0.00000E+00 0.00000 
   16   16    1    1     1     1     1    1    1    1  9.31487E+05 0.70703 
   17   17    1    1     1     1     1    1    1    1  1.60674E+06 0.57776 
   18   18    1    1     1     1     1    1    1    1  6.42903E+05 1.00000 
   19   19    1    1     1     1     1    1    1    1  0.00000E+00 0.00000 
   20   20    1    1     1     1     1    1    1    1  1.64661E+06 0.57846 
   21   21    1    1     1     1     1    1    1    1  3.14736E+05 1.00000 
   22   22    1    1     1     1     1    1    1    1  3.96519E+05 1.00000 
   23   23    1    1     1     1     1    1    1    1  1.13440E+06 0.71822 
   24   24    1    1     1     1     1    1    1    1  3.23110E+06 0.58047 
   25   25    1    1     1     1     1    1    1    1  2.83105E+06 1.00000 
   26   26    1    1     1     1     1    1    1    1  0.00000E+00 0.00000 
   27   27    1    1     1     1     1    1    1    1  5.62543E+06 0.57778 
   28   28    1    1     1     1     1    1    1    1  2.98060E+06 1.00000 
   29   29    1    1     1     1     1    1    1    1  0.00000E+00 0.00000 
   30   30    1    1     1     1     1    1    1    1  5.77503E+06 0.57727 
   31   31    1    1     1     1     1    1    1    1  1.50246E+07 0.61535 
   32   32    1    1     1     1     1    1    1    1  2.09639E+07 0.70720 
   33   33    1    1     1     1     1    1    1    1  2.04016E+07 0.42958 
   34   34    1    1     1     1     1    1    1    1  1.78249E+07 0.48662 
   35   35    1    1     1     1     1    1    1    1  2.18489E+07 0.70710 
   36   36    1    1     1     1     1    1    1    1  1.21105E+07 0.79973 
   37   37    1    1     1     1     1    1    1    1  1.60384E+07 0.44046 
   38   38    1    1     1     1     1    1    1    1  1.48536E+06 1.00000 
   39   39    1    1     1     1     1    1    1    1  1.48713E+06 0.70702 
   40   40    1    1     1     1     1    1    1    1  1.06224E+06 0.57736 
   41   41    1    1     1     1     1    1    1    1  1.51767E+06 1.00000 
   42   42    1    1     1     1     1    1    1    1  0.00000E+00 0.00000 
   43   43    1    1     1     1     1    1    1    1  0.00000E+00 0.00000 
   44   44    1    1     1     1     1    1    1    1  0.00000E+00 0.00000 
   45   45    1    1     1     1     1    1    1    1  5.27602E+06 0.72569 
   46   46    1    1     1     1     1    1    1    1  9.26976E+06 0.57765 
   47   47    1    1     1     1     1    1    1    1  2.76924E+07 0.35401 
   48   48    1    1     1     1     1    1    1    1  6.74847E+07 0.36521 
   49   49    1    1     1     1     1    1    1    1  9.03747E+07 0.40396 
   50   50    1    1     1     1     1    1    1    1  0.00000E+00 0.00000 
   51   51    1    1     1     1     1    1    1    1  1.55058E+08 0.29131 
   52   52    1    1     1     1     1    1    1    1  1.94515E+08 0.29986 
   53   53    1    1     1     1     1    1    1    1  3.79788E+08 0.30801 
   54   54    1    1     1     1     1    1    1    1  3.79977E+08 0.29034 
   55   55    1    1     1     1     1    1    1    1  3.72055E+08 0.26630 
   56   56    1    1     1     1     1    1    1    1  3.89917E+08 0.52657 
   57   57    1    1     1     1     1    1    1    1  3.71104E+08 0.30363 
   58   58    1    1     1     1     1    1    1    1  3.57243E+08 0.25069 
   59   59    1    1     1     1     1    1    1    1  2.76379E+08 0.26985 
   60   60    1    1     1     1     1    1    1    1  3.36213E+08 0.26253 
   61   61    1    1     1     1     1    1    1    1  3.29557E+08 0.57726 
   62   62    1    1     1     1     1    1    1    1  3.82929E+08 0.17554 
   63   63    1    1     1     1     1    1    1    1  5.56969E+08 0.21161 
   64   64    1    1     1     1     1    1    1    1  3.47927E+08 0.22379 
   65   65    1    1     1     1     1    1    1    1  3.87667E+08 0.17520 
   66   66    1    1     1     1     1    1    1    1  2.88457E+08 0.23614 
   67   67    1    1     1     1     1    1    1    1  2.64292E+08 0.20536 
   68   68    1    1     1     1     1    1    1    1  2.56370E+08 0.26601 
   69   69    1    1     1     1     1    1    1    1  2.37554E+08 0.22383 
   70   70    1    1     1     1     1    1    1    1  6.47126E+07 0.21926 
   71   71    1    1     1     1     1    1    1    1  9.66151E+07 0.18349 
   72   72    1    1     1     1     1    1    1    1  7.72143E+07 0.27954 
   73   73    1    1     1     1     1    1    1    1  7.65134E+07 0.23562 
   74   74    1    1     1     1     1    1    1    1  4.92595E+08 0.17509 
   75   75    1    1     1     1     1    1    1    1  2.18952E+08 0.19412 
   76   76    1    1     1     1     1    1    1    1  1.61396E+08 0.18554 
   77   77    1    1     1     1     1    1    1    1  5.28206E+08 0.13731 
   78   78    1    1     1     1     1    1    1    1  7.09208E+08 0.17013 
   79   79    1    1     1     1     1    1    1    1  8.01714E+08 0.16808 
   80   80    1    1     1     1     1    1    1    1  7.32800E+08 0.17421 
   81   81    1    1     1     1     1    1    1    1  2.31247E+08 0.15251 
   82   82    1    1     1     1     1    1    1    1  6.27690E+08 0.10794 
   83   83    1    1     1     1     1    1    1    1  9.59915E+08 0.11299 
   84   84    1    1     1     1     1    1    1    1  3.23259E+08 0.10442 
   85   85    1    1     1     1     1    1    1    1  1.01644E+09 0.10118 
   86   86    1    1     1     1     1    1    1    1  1.28372E+09 0.12901 
   87   87    1    1     1     1     1    1    1    1  9.78152E+08 0.09622 
   88   88    1    1     1     1     1    1    1    1  1.21454E+09 0.08772 
   89   89    1    1     1     1     1    1    1    1  9.79486E+08 0.07939 
   90   90    1    1     1     1     1    1    1    1  3.19257E+09 0.06723 
   91   91    1    1     1     1     1    1    1    1  3.41960E+09 0.06364 
   92   92    1    1     1     1     1    1    1    1  4.01589E+09 0.08481 
   93   93    1    1     1     1     1    1    1    1  3.30105E+09 0.08896 
   94   94    1    1     1     1     1    1    1    1  2.48081E+09 0.07210 
   95   95    1    1     1     1     1    1    1    1  1.61909E+09 0.07200 
   96   96    1    1     1     1     1    1    1    1  2.17786E+09 0.07726 
   97   97    1    1     1     1     1    1    1    1  2.16128E+09 0.05261 
   98   98    1    1     1     1     1    1    1    1  4.55135E+09 0.06497 
   99   99    1    1     1     1     1    1    1    1  5.06650E+09 0.06593 
  100  100    1    1     1     1     1    1    1    1  5.25124E+09 0.05144 
  101  101    1    1     1     1     1    1    1    1  5.30671E+09 0.04407 
  102  102    1    1     1     1     1    1    1    1  7.23273E+09 0.06934 
  103  103    1    1     1     1     1    1    1    1  5.45023E+09 0.04880 
  104  104    1    1     1     1     1    1    1    1  8.94871E+09 0.05589 
  105  105    1    1     1     1     1    1    1    1  8.10757E+09 0.03893 
