
DETspecTot = [
    1    1    1    1     1     1     1    1    1    1  0.00000E+00 0.00000 
    2    2    1    1     1     1     1    1    1    1  0.00000E+00 0.00000 
    3    3    1    1     1     1     1    1    1    1  0.00000E+00 0.00000 
    4    4    1    1     1     1     1    1    1    1  0.00000E+00 0.00000 
    5    5    1    1     1     1     1    1    1    1  0.00000E+00 0.00000 
    6    6    1    1     1     1     1    1    1    1  0.00000E+00 0.00000 
    7    7    1    1     1     1     1    1    1    1  0.00000E+00 0.00000 
    8    8    1    1     1     1     1    1    1    1  0.00000E+00 0.00000 
    9    9    1    1     1     1     1    1    1    1  0.00000E+00 0.00000 
   10   10    1    1     1     1     1    1    1    1  0.00000E+00 0.00000 
   11   11    1    1     1     1     1    1    1    1  0.00000E+00 0.00000 
   12   12    1    1     1     1     1    1    1    1  2.43311E+05 1.00000 
   13   13    1    1     1     1     1    1    1    1  0.00000E+00 0.00000 
   14   14    1    1     1     1     1    1    1    1  0.00000E+00 0.00000 
   15   15    1    1     1     1     1    1    1    1  0.00000E+00 0.00000 
   16   16    1    1     1     1     1    1    1    1  0.00000E+00 0.00000 
   17   17    1    1     1     1     1    1    1    1  0.00000E+00 0.00000 
   18   18    1    1     1     1     1    1    1    1  0.00000E+00 0.00000 
   19   19    1    1     1     1     1    1    1    1  6.00612E+05 1.00000 
   20   20    1    1     1     1     1    1    1    1  1.22062E+06 0.70831 
   21   21    1    1     1     1     1    1    1    1  4.63864E+05 1.00000 
   22   22    1    1     1     1     1    1    1    1  0.00000E+00 0.00000 
   23   23    1    1     1     1     1    1    1    1  6.47379E+05 1.00000 
   24   24    1    1     1     1     1    1    1    1  0.00000E+00 0.00000 
   25   25    1    1     1     1     1    1    1    1  0.00000E+00 0.00000 
   26   26    1    1     1     1     1    1    1    1  0.00000E+00 0.00000 
   27   27    1    1     1     1     1    1    1    1  4.08421E+06 1.00000 
   28   28    1    1     1     1     1    1    1    1  2.95126E+06 1.00000 
   29   29    1    1     1     1     1    1    1    1  0.00000E+00 0.00000 
   30   30    1    1     1     1     1    1    1    1  1.40532E+07 0.47505 
   31   31    1    1     1     1     1    1    1    1  7.35015E+06 0.70725 
   32   32    1    1     1     1     1    1    1    1  0.00000E+00 0.00000 
   33   33    1    1     1     1     1    1    1    1  1.43107E+07 0.65679 
   34   34    1    1     1     1     1    1    1    1  1.31709E+07 0.59847 
   35   35    1    1     1     1     1    1    1    1  0.00000E+00 0.00000 
   36   36    1    1     1     1     1    1    1    1  0.00000E+00 0.00000 
   37   37    1    1     1     1     1    1    1    1  0.00000E+00 0.00000 
   38   38    1    1     1     1     1    1    1    1  3.82025E+06 1.00000 
   39   39    1    1     1     1     1    1    1    1  2.54398E+06 1.00000 
   40   40    1    1     1     1     1    1    1    1  0.00000E+00 0.00000 
   41   41    1    1     1     1     1    1    1    1  0.00000E+00 0.00000 
   42   42    1    1     1     1     1    1    1    1  0.00000E+00 0.00000 
   43   43    1    1     1     1     1    1    1    1  7.51079E+06 0.70702 
   44   44    1    1     1     1     1    1    1    1  1.35917E+07 0.70870 
   45   45    1    1     1     1     1    1    1    1  1.91944E+07 0.45283 
   46   46    1    1     1     1     1    1    1    1  1.22089E+07 0.57790 
   47   47    1    1     1     1     1    1    1    1  0.00000E+00 0.00000 
   48   48    1    1     1     1     1    1    1    1  3.63062E+07 0.53379 
   49   49    1    1     1     1     1    1    1    1  4.26765E+07 0.52610 
   50   50    1    1     1     1     1    1    1    1  0.00000E+00 0.00000 
   51   51    1    1     1     1     1    1    1    1  6.02745E+07 0.47131 
   52   52    1    1     1     1     1    1    1    1  5.80881E+07 0.51349 
   53   53    1    1     1     1     1    1    1    1  2.06187E+08 0.33505 
   54   54    1    1     1     1     1    1    1    1  1.12111E+08 0.35389 
   55   55    1    1     1     1     1    1    1    1  9.17905E+07 0.42949 
   56   56    1    1     1     1     1    1    1    1  1.16112E+08 0.70702 
   57   57    1    1     1     1     1    1    1    1  1.22615E+08 0.42320 
   58   58    1    1     1     1     1    1    1    1  9.79516E+07 0.46801 
   59   59    1    1     1     1     1    1    1    1  1.95533E+08 0.31731 
   60   60    1    1     1     1     1    1    1    1  2.72355E+08 0.26183 
   61   61    1    1     1     1     1    1    1    1  4.81557E+08 0.44701 
   62   62    1    1     1     1     1    1    1    1  1.88752E+08 0.25829 
   63   63    1    1     1     1     1    1    1    1  1.66607E+08 0.28300 
   64   64    1    1     1     1     1    1    1    1  2.33470E+08 0.27488 
   65   65    1    1     1     1     1    1    1    1  1.60614E+08 0.25538 
   66   66    1    1     1     1     1    1    1    1  6.20131E+07 0.52635 
   67   67    1    1     1     1     1    1    1    1  8.04430E+07 0.33694 
   68   68    1    1     1     1     1    1    1    1  1.72748E+08 0.29108 
   69   69    1    1     1     1     1    1    1    1  1.35673E+08 0.35456 
   70   70    1    1     1     1     1    1    1    1  3.26391E+07 0.37220 
   71   71    1    1     1     1     1    1    1    1  2.22761E+07 0.37189 
   72   72    1    1     1     1     1    1    1    1  3.16268E+07 0.46252 
   73   73    1    1     1     1     1    1    1    1  2.93379E+07 0.35180 
   74   74    1    1     1     1     1    1    1    1  5.59363E+07 0.42049 
   75   75    1    1     1     1     1    1    1    1  7.47952E+07 0.28960 
   76   76    1    1     1     1     1    1    1    1  4.27971E+07 0.31319 
   77   77    1    1     1     1     1    1    1    1  1.18359E+08 0.23983 
   78   78    1    1     1     1     1    1    1    1  1.43228E+08 0.31232 
   79   79    1    1     1     1     1    1    1    1  2.66924E+08 0.22685 
   80   80    1    1     1     1     1    1    1    1  2.45506E+08 0.22317 
   81   81    1    1     1     1     1    1    1    1  1.61904E+08 0.21164 
   82   82    1    1     1     1     1    1    1    1  1.46548E+08 0.18865 
   83   83    1    1     1     1     1    1    1    1  2.89637E+08 0.21634 
   84   84    1    1     1     1     1    1    1    1  1.54481E+08 0.15501 
   85   85    1    1     1     1     1    1    1    1  3.25184E+08 0.15303 
   86   86    1    1     1     1     1    1    1    1  4.60911E+08 0.20928 
   87   87    1    1     1     1     1    1    1    1  2.88816E+08 0.16953 
   88   88    1    1     1     1     1    1    1    1  3.52951E+08 0.15278 
   89   89    1    1     1     1     1    1    1    1  2.55199E+08 0.13897 
   90   90    1    1     1     1     1    1    1    1  6.84803E+08 0.11746 
   91   91    1    1     1     1     1    1    1    1  8.46243E+08 0.10814 
   92   92    1    1     1     1     1    1    1    1  1.23468E+09 0.14868 
   93   93    1    1     1     1     1    1    1    1  8.97625E+08 0.16839 
   94   94    1    1     1     1     1    1    1    1  5.75521E+08 0.12610 
   95   95    1    1     1     1     1    1    1    1  3.59268E+08 0.12139 
   96   96    1    1     1     1     1    1    1    1  6.29055E+08 0.12659 
   97   97    1    1     1     1     1    1    1    1  8.27174E+08 0.08408 
   98   98    1    1     1     1     1    1    1    1  1.55224E+09 0.09975 
   99   99    1    1     1     1     1    1    1    1  1.59544E+09 0.10281 
  100  100    1    1     1     1     1    1    1    1  1.66093E+09 0.07640 
  101  101    1    1     1     1     1    1    1    1  2.02986E+09 0.06656 
  102  102    1    1     1     1     1    1    1    1  2.78268E+09 0.09938 
  103  103    1    1     1     1     1    1    1    1  2.03657E+09 0.07323 
  104  104    1    1     1     1     1    1    1    1  3.24831E+09 0.08358 
  105  105    1    1     1     1     1    1    1    1  3.08850E+09 0.05880 
