
DETspecTot = [
    1    1    1    1     1     1     1    1    1    1  0.00000E+00 0.00000 
    2    2    1    1     1     1     1    1    1    1  0.00000E+00 0.00000 
    3    3    1    1     1     1     1    1    1    1  0.00000E+00 0.00000 
    4    4    1    1     1     1     1    1    1    1  0.00000E+00 0.00000 
    5    5    1    1     1     1     1    1    1    1  0.00000E+00 0.00000 
    6    6    1    1     1     1     1    1    1    1  0.00000E+00 0.00000 
    7    7    1    1     1     1     1    1    1    1  0.00000E+00 0.00000 
    8    8    1    1     1     1     1    1    1    1  0.00000E+00 0.00000 
    9    9    1    1     1     1     1    1    1    1  0.00000E+00 0.00000 
   10   10    1    1     1     1     1    1    1    1  0.00000E+00 0.00000 
   11   11    1    1     1     1     1    1    1    1  0.00000E+00 0.00000 
   12   12    1    1     1     1     1    1    1    1  0.00000E+00 0.00000 
   13   13    1    1     1     1     1    1    1    1  0.00000E+00 0.00000 
   14   14    1    1     1     1     1    1    1    1  0.00000E+00 0.00000 
   15   15    1    1     1     1     1    1    1    1  0.00000E+00 0.00000 
   16   16    1    1     1     1     1    1    1    1  0.00000E+00 0.00000 
   17   17    1    1     1     1     1    1    1    1  0.00000E+00 0.00000 
   18   18    1    1     1     1     1    1    1    1  1.31049E+06 1.00000 
   19   19    1    1     1     1     1    1    1    1  0.00000E+00 0.00000 
   20   20    1    1     1     1     1    1    1    1  5.79124E+05 1.00000 
   21   21    1    1     1     1     1    1    1    1  9.26937E+05 1.00000 
   22   22    1    1     1     1     1    1    1    1  0.00000E+00 0.00000 
   23   23    1    1     1     1     1    1    1    1  4.86134E+05 1.00000 
   24   24    1    1     1     1     1    1    1    1  2.40709E+06 0.70704 
   25   25    1    1     1     1     1    1    1    1  0.00000E+00 0.00000 
   26   26    1    1     1     1     1    1    1    1  0.00000E+00 0.00000 
   27   27    1    1     1     1     1    1    1    1  0.00000E+00 0.00000 
   28   28    1    1     1     1     1    1    1    1  8.27627E+06 0.73934 
   29   29    1    1     1     1     1    1    1    1  0.00000E+00 0.00000 
   30   30    1    1     1     1     1    1    1    1  5.87189E+06 0.73637 
   31   31    1    1     1     1     1    1    1    1  3.69173E+06 1.00000 
   32   32    1    1     1     1     1    1    1    1  0.00000E+00 0.00000 
   33   33    1    1     1     1     1    1    1    1  5.67934E+06 1.00000 
   34   34    1    1     1     1     1    1    1    1  0.00000E+00 0.00000 
   35   35    1    1     1     1     1    1    1    1  1.31816E+07 1.00000 
   36   36    1    1     1     1     1    1    1    1  8.23679E+06 0.70714 
   37   37    1    1     1     1     1    1    1    1  0.00000E+00 0.00000 
   38   38    1    1     1     1     1    1    1    1  5.25915E+06 1.00000 
   39   39    1    1     1     1     1    1    1    1  1.98619E+06 1.00000 
   40   40    1    1     1     1     1    1    1    1  0.00000E+00 0.00000 
   41   41    1    1     1     1     1    1    1    1  4.66019E+06 1.00000 
   42   42    1    1     1     1     1    1    1    1  0.00000E+00 0.00000 
   43   43    1    1     1     1     1    1    1    1  5.20797E+06 1.00000 
   44   44    1    1     1     1     1    1    1    1  0.00000E+00 0.00000 
   45   45    1    1     1     1     1    1    1    1  0.00000E+00 0.00000 
   46   46    1    1     1     1     1    1    1    1  9.01831E+06 0.70704 
   47   47    1    1     1     1     1    1    1    1  3.35485E+07 0.47441 
   48   48    1    1     1     1     1    1    1    1  3.10702E+07 0.52582 
   49   49    1    1     1     1     1    1    1    1  8.60135E+07 0.42312 
   50   50    1    1     1     1     1    1    1    1  0.00000E+00 0.00000 
   51   51    1    1     1     1     1    1    1    1  7.92589E+07 0.51097 
   52   52    1    1     1     1     1    1    1    1  3.22283E+07 0.49994 
   53   53    1    1     1     1     1    1    1    1  5.57090E+07 0.47372 
   54   54    1    1     1     1     1    1    1    1  8.27826E+07 0.45801 
   55   55    1    1     1     1     1    1    1    1  4.04154E+07 0.79454 
   56   56    1    1     1     1     1    1    1    1  1.17629E+08 0.70702 
   57   57    1    1     1     1     1    1    1    1  4.82477E+07 0.70703 
   58   58    1    1     1     1     1    1    1    1  4.84804E+07 0.44775 
   59   59    1    1     1     1     1    1    1    1  7.56439E+07 0.61757 
   60   60    1    1     1     1     1    1    1    1  4.79922E+07 0.44638 
   61   61    1    1     1     1     1    1    1    1  9.46011E+07 1.00000 
   62   62    1    1     1     1     1    1    1    1  6.16171E+07 0.37504 
   63   63    1    1     1     1     1    1    1    1  4.45283E+07 0.50776 
   64   64    1    1     1     1     1    1    1    1  4.36223E+07 0.39944 
   65   65    1    1     1     1     1    1    1    1  9.55365E+07 0.30617 
   66   66    1    1     1     1     1    1    1    1  1.83944E+08 0.38430 
   67   67    1    1     1     1     1    1    1    1  6.57657E+07 0.35147 
   68   68    1    1     1     1     1    1    1    1  5.66938E+07 0.44720 
   69   69    1    1     1     1     1    1    1    1  4.34095E+07 0.36731 
   70   70    1    1     1     1     1    1    1    1  1.63382E+07 0.38155 
   71   71    1    1     1     1     1    1    1    1  2.50577E+07 0.34337 
   72   72    1    1     1     1     1    1    1    1  3.41318E+07 0.32941 
   73   73    1    1     1     1     1    1    1    1  2.17245E+07 0.34109 
   74   74    1    1     1     1     1    1    1    1  1.43412E+08 0.27922 
   75   75    1    1     1     1     1    1    1    1  1.00322E+08 0.30261 
   76   76    1    1     1     1     1    1    1    1  9.77129E+07 0.31455 
   77   77    1    1     1     1     1    1    1    1  1.08979E+08 0.25775 
   78   78    1    1     1     1     1    1    1    1  1.65498E+08 0.24530 
   79   79    1    1     1     1     1    1    1    1  2.11643E+08 0.24084 
   80   80    1    1     1     1     1    1    1    1  1.31529E+08 0.32413 
   81   81    1    1     1     1     1    1    1    1  1.16814E+08 0.26632 
   82   82    1    1     1     1     1    1    1    1  1.09891E+08 0.20634 
   83   83    1    1     1     1     1    1    1    1  2.38680E+08 0.22693 
   84   84    1    1     1     1     1    1    1    1  1.14350E+08 0.17261 
   85   85    1    1     1     1     1    1    1    1  3.05239E+08 0.19843 
   86   86    1    1     1     1     1    1    1    1  2.90044E+08 0.25192 
   87   87    1    1     1     1     1    1    1    1  1.64573E+08 0.21461 
   88   88    1    1     1     1     1    1    1    1  1.73925E+08 0.22007 
   89   89    1    1     1     1     1    1    1    1  2.29813E+08 0.15359 
   90   90    1    1     1     1     1    1    1    1  6.32310E+08 0.12561 
   91   91    1    1     1     1     1    1    1    1  7.67736E+08 0.11708 
   92   92    1    1     1     1     1    1    1    1  8.22834E+08 0.17727 
   93   93    1    1     1     1     1    1    1    1  7.29305E+08 0.18225 
   94   94    1    1     1     1     1    1    1    1  5.94399E+08 0.14144 
   95   95    1    1     1     1     1    1    1    1  2.95436E+08 0.12289 
   96   96    1    1     1     1     1    1    1    1  7.43596E+08 0.12158 
   97   97    1    1     1     1     1    1    1    1  7.63215E+08 0.09185 
   98   98    1    1     1     1     1    1    1    1  1.07355E+09 0.12585 
   99   99    1    1     1     1     1    1    1    1  1.04890E+09 0.12624 
  100  100    1    1     1     1     1    1    1    1  1.12827E+09 0.09972 
  101  101    1    1     1     1     1    1    1    1  1.24434E+09 0.08516 
  102  102    1    1     1     1     1    1    1    1  1.81299E+09 0.12475 
  103  103    1    1     1     1     1    1    1    1  1.39083E+09 0.08216 
  104  104    1    1     1     1     1    1    1    1  1.99140E+09 0.10005 
  105  105    1    1     1     1     1    1    1    1  2.41626E+09 0.06879 
