
DETspecTot = [
    1    1    1    1     1     1     1    1    1    1  0.00000E+00 0.00000 
    2    2    1    1     1     1     1    1    1    1  0.00000E+00 0.00000 
    3    3    1    1     1     1     1    1    1    1  0.00000E+00 0.00000 
    4    4    1    1     1     1     1    1    1    1  0.00000E+00 0.00000 
    5    5    1    1     1     1     1    1    1    1  0.00000E+00 0.00000 
    6    6    1    1     1     1     1    1    1    1  1.87975E+05 1.00000 
    7    7    1    1     1     1     1    1    1    1  3.10182E+05 1.00000 
    8    8    1    1     1     1     1    1    1    1  0.00000E+00 0.00000 
    9    9    1    1     1     1     1    1    1    1  0.00000E+00 0.00000 
   10   10    1    1     1     1     1    1    1    1  0.00000E+00 0.00000 
   11   11    1    1     1     1     1    1    1    1  2.22525E+05 1.00000 
   12   12    1    1     1     1     1    1    1    1  7.16530E+05 0.57836 
   13   13    1    1     1     1     1    1    1    1  2.77199E+05 1.00000 
   14   14    1    1     1     1     1    1    1    1  0.00000E+00 0.00000 
   15   15    1    1     1     1     1    1    1    1  0.00000E+00 0.00000 
   16   16    1    1     1     1     1    1    1    1  1.05439E+06 0.70711 
   17   17    1    1     1     1     1    1    1    1  5.58596E+05 1.00000 
   18   18    1    1     1     1     1    1    1    1  6.49925E+05 1.00000 
   19   19    1    1     1     1     1    1    1    1  6.65464E+05 1.00000 
   20   20    1    1     1     1     1    1    1    1  0.00000E+00 0.00000 
   21   21    1    1     1     1     1    1    1    1  1.44145E+06 0.50355 
   22   22    1    1     1     1     1    1    1    1  0.00000E+00 0.00000 
   23   23    1    1     1     1     1    1    1    1  0.00000E+00 0.00000 
   24   24    1    1     1     1     1    1    1    1  1.17803E+06 1.00000 
   25   25    1    1     1     1     1    1    1    1  2.76451E+06 1.00000 
   26   26    1    1     1     1     1    1    1    1  0.00000E+00 0.00000 
   27   27    1    1     1     1     1    1    1    1  5.57619E+06 0.57809 
   28   28    1    1     1     1     1    1    1    1  2.78021E+06 1.00000 
   29   29    1    1     1     1     1    1    1    1  0.00000E+00 0.00000 
   30   30    1    1     1     1     1    1    1    1  7.85214E+06 0.60971 
   31   31    1    1     1     1     1    1    1    1  1.44567E+07 0.60808 
   32   32    1    1     1     1     1    1    1    1  0.00000E+00 0.00000 
   33   33    1    1     1     1     1    1    1    1  3.00710E+06 1.00000 
   34   34    1    1     1     1     1    1    1    1  3.25303E+06 1.00000 
   35   35    1    1     1     1     1    1    1    1  1.11077E+07 1.00000 
   36   36    1    1     1     1     1    1    1    1  1.02025E+07 0.57731 
   37   37    1    1     1     1     1    1    1    1  4.53719E+06 0.76757 
   38   38    1    1     1     1     1    1    1    1  0.00000E+00 0.00000 
   39   39    1    1     1     1     1    1    1    1  1.63888E+06 0.70703 
   40   40    1    1     1     1     1    1    1    1  0.00000E+00 0.00000 
   41   41    1    1     1     1     1    1    1    1  0.00000E+00 0.00000 
   42   42    1    1     1     1     1    1    1    1  2.46615E+06 1.00000 
   43   43    1    1     1     1     1    1    1    1  0.00000E+00 0.00000 
   44   44    1    1     1     1     1    1    1    1  0.00000E+00 0.00000 
   45   45    1    1     1     1     1    1    1    1  1.34184E+07 0.46449 
   46   46    1    1     1     1     1    1    1    1  2.84617E+07 0.39836 
   47   47    1    1     1     1     1    1    1    1  2.74761E+07 0.37805 
   48   48    1    1     1     1     1    1    1    1  4.71864E+07 0.39953 
   49   49    1    1     1     1     1    1    1    1  9.52034E+07 0.33467 
   50   50    1    1     1     1     1    1    1    1  9.94509E+07 1.00000 
   51   51    1    1     1     1     1    1    1    1  1.04770E+08 0.31788 
   52   52    1    1     1     1     1    1    1    1  1.91481E+08 0.31525 
   53   53    1    1     1     1     1    1    1    1  2.54129E+08 0.28563 
   54   54    1    1     1     1     1    1    1    1  1.78885E+08 0.28407 
   55   55    1    1     1     1     1    1    1    1  2.50659E+08 0.27892 
   56   56    1    1     1     1     1    1    1    1  1.28074E+08 0.70702 
   57   57    1    1     1     1     1    1    1    1  2.51578E+08 0.31078 
   58   58    1    1     1     1     1    1    1    1  2.47786E+08 0.28281 
   59   59    1    1     1     1     1    1    1    1  2.73711E+08 0.24011 
   60   60    1    1     1     1     1    1    1    1  2.91978E+08 0.24011 
   61   61    1    1     1     1     1    1    1    1  2.09410E+08 0.70702 
   62   62    1    1     1     1     1    1    1    1  3.00755E+08 0.18663 
   63   63    1    1     1     1     1    1    1    1  3.50722E+08 0.22058 
   64   64    1    1     1     1     1    1    1    1  2.04066E+08 0.22479 
   65   65    1    1     1     1     1    1    1    1  3.19560E+08 0.18309 
   66   66    1    1     1     1     1    1    1    1  1.55165E+08 0.38015 
   67   67    1    1     1     1     1    1    1    1  1.51225E+08 0.26397 
   68   68    1    1     1     1     1    1    1    1  1.70483E+08 0.31670 
   69   69    1    1     1     1     1    1    1    1  1.11959E+08 0.27182 
   70   70    1    1     1     1     1    1    1    1  3.17789E+07 0.26676 
   71   71    1    1     1     1     1    1    1    1  1.05602E+08 0.20006 
   72   72    1    1     1     1     1    1    1    1  9.31028E+07 0.25195 
   73   73    1    1     1     1     1    1    1    1  4.35501E+07 0.22852 
   74   74    1    1     1     1     1    1    1    1  1.55960E+08 0.24477 
   75   75    1    1     1     1     1    1    1    1  9.73894E+07 0.20317 
   76   76    1    1     1     1     1    1    1    1  1.19692E+08 0.25308 
   77   77    1    1     1     1     1    1    1    1  2.64667E+08 0.19254 
   78   78    1    1     1     1     1    1    1    1  4.76749E+08 0.18202 
   79   79    1    1     1     1     1    1    1    1  7.14768E+08 0.16915 
   80   80    1    1     1     1     1    1    1    1  5.02542E+08 0.19088 
   81   81    1    1     1     1     1    1    1    1  1.74030E+08 0.18190 
   82   82    1    1     1     1     1    1    1    1  4.27770E+08 0.11560 
   83   83    1    1     1     1     1    1    1    1  6.60019E+08 0.14158 
   84   84    1    1     1     1     1    1    1    1  2.69648E+08 0.13361 
   85   85    1    1     1     1     1    1    1    1  7.28612E+08 0.12362 
   86   86    1    1     1     1     1    1    1    1  6.54526E+08 0.16232 
   87   87    1    1     1     1     1    1    1    1  5.18782E+08 0.13912 
   88   88    1    1     1     1     1    1    1    1  5.63967E+08 0.13024 
   89   89    1    1     1     1     1    1    1    1  5.24681E+08 0.10305 
   90   90    1    1     1     1     1    1    1    1  2.20518E+09 0.08106 
   91   91    1    1     1     1     1    1    1    1  2.13378E+09 0.07397 
   92   92    1    1     1     1     1    1    1    1  2.95007E+09 0.10709 
   93   93    1    1     1     1     1    1    1    1  2.34874E+09 0.12188 
   94   94    1    1     1     1     1    1    1    1  1.59522E+09 0.08558 
   95   95    1    1     1     1     1    1    1    1  9.88259E+08 0.08900 
   96   96    1    1     1     1     1    1    1    1  1.41014E+09 0.08720 
   97   97    1    1     1     1     1    1    1    1  1.51298E+09 0.06643 
   98   98    1    1     1     1     1    1    1    1  2.88739E+09 0.07998 
   99   99    1    1     1     1     1    1    1    1  2.87012E+09 0.08281 
  100  100    1    1     1     1     1    1    1    1  3.42892E+09 0.06025 
  101  101    1    1     1     1     1    1    1    1  3.35005E+09 0.05357 
  102  102    1    1     1     1     1    1    1    1  5.23970E+09 0.07884 
  103  103    1    1     1     1     1    1    1    1  3.55466E+09 0.05484 
  104  104    1    1     1     1     1    1    1    1  6.29606E+09 0.06128 
  105  105    1    1     1     1     1    1    1    1  5.66803E+09 0.04467 
