
DETspecTot = [
    1    1    1    1     1     1     1    1    1    1  0.00000E+00 0.00000 
    2    2    1    1     1     1     1    1    1    1  0.00000E+00 0.00000 
    3    3    1    1     1     1     1    1    1    1  0.00000E+00 0.00000 
    4    4    1    1     1     1     1    1    1    1  0.00000E+00 0.00000 
    5    5    1    1     1     1     1    1    1    1  0.00000E+00 0.00000 
    6    6    1    1     1     1     1    1    1    1  0.00000E+00 0.00000 
    7    7    1    1     1     1     1    1    1    1  0.00000E+00 0.00000 
    8    8    1    1     1     1     1    1    1    1  0.00000E+00 0.00000 
    9    9    1    1     1     1     1    1    1    1  0.00000E+00 0.00000 
   10   10    1    1     1     1     1    1    1    1  2.33468E+05 1.00000 
   11   11    1    1     1     1     1    1    1    1  2.13912E+05 1.00000 
   12   12    1    1     1     1     1    1    1    1  9.30093E+05 0.70703 
   13   13    1    1     1     1     1    1    1    1  0.00000E+00 0.00000 
   14   14    1    1     1     1     1    1    1    1  0.00000E+00 0.00000 
   15   15    1    1     1     1     1    1    1    1  0.00000E+00 0.00000 
   16   16    1    1     1     1     1    1    1    1  1.43537E+06 0.75602 
   17   17    1    1     1     1     1    1    1    1  2.11532E+06 0.79188 
   18   18    1    1     1     1     1    1    1    1  0.00000E+00 0.00000 
   19   19    1    1     1     1     1    1    1    1  5.87025E+05 1.00000 
   20   20    1    1     1     1     1    1    1    1  0.00000E+00 0.00000 
   21   21    1    1     1     1     1    1    1    1  3.85332E+05 1.00000 
   22   22    1    1     1     1     1    1    1    1  3.79962E+05 1.00000 
   23   23    1    1     1     1     1    1    1    1  6.59910E+05 1.00000 
   24   24    1    1     1     1     1    1    1    1  4.47626E+06 0.50461 
   25   25    1    1     1     1     1    1    1    1  2.40266E+06 1.00000 
   26   26    1    1     1     1     1    1    1    1  4.24956E+06 1.00000 
   27   27    1    1     1     1     1    1    1    1  3.90681E+06 0.70737 
   28   28    1    1     1     1     1    1    1    1  5.03954E+06 0.70717 
   29   29    1    1     1     1     1    1    1    1  0.00000E+00 0.00000 
   30   30    1    1     1     1     1    1    1    1  1.95758E+06 1.00000 
   31   31    1    1     1     1     1    1    1    1  3.70632E+06 1.00000 
   32   32    1    1     1     1     1    1    1    1  2.14234E+07 1.00000 
   33   33    1    1     1     1     1    1    1    1  1.17673E+07 0.61313 
   34   34    1    1     1     1     1    1    1    1  6.12903E+06 0.70868 
   35   35    1    1     1     1     1    1    1    1  0.00000E+00 0.00000 
   36   36    1    1     1     1     1    1    1    1  9.48779E+06 0.57750 
   37   37    1    1     1     1     1    1    1    1  2.98758E+06 1.00000 
   38   38    1    1     1     1     1    1    1    1  0.00000E+00 0.00000 
   39   39    1    1     1     1     1    1    1    1  1.35998E+06 1.00000 
   40   40    1    1     1     1     1    1    1    1  4.59109E+05 1.00000 
   41   41    1    1     1     1     1    1    1    1  1.73757E+06 1.00000 
   42   42    1    1     1     1     1    1    1    1  2.23399E+06 1.00000 
   43   43    1    1     1     1     1    1    1    1  5.40937E+06 0.58489 
   44   44    1    1     1     1     1    1    1    1  0.00000E+00 0.00000 
   45   45    1    1     1     1     1    1    1    1  1.18451E+07 0.51466 
   46   46    1    1     1     1     1    1    1    1  3.27688E+06 1.00000 
   47   47    1    1     1     1     1    1    1    1  2.24691E+07 0.40873 
   48   48    1    1     1     1     1    1    1    1  4.30716E+07 0.46709 
   49   49    1    1     1     1     1    1    1    1  4.64002E+07 0.62313 
   50   50    1    1     1     1     1    1    1    1  2.01663E+08 0.70702 
   51   51    1    1     1     1     1    1    1    1  1.51902E+08 0.31146 
   52   52    1    1     1     1     1    1    1    1  1.00970E+08 0.31355 
   53   53    1    1     1     1     1    1    1    1  1.28849E+08 0.44009 
   54   54    1    1     1     1     1    1    1    1  1.61352E+08 0.40229 
   55   55    1    1     1     1     1    1    1    1  1.97879E+08 0.29318 
   56   56    1    1     1     1     1    1    1    1  3.80450E+08 0.47127 
   57   57    1    1     1     1     1    1    1    1  2.02694E+08 0.36022 
   58   58    1    1     1     1     1    1    1    1  3.16295E+08 0.32429 
   59   59    1    1     1     1     1    1    1    1  2.67976E+08 0.29499 
   60   60    1    1     1     1     1    1    1    1  3.30294E+08 0.27755 
   61   61    1    1     1     1     1    1    1    1  2.16578E+08 0.70709 
   62   62    1    1     1     1     1    1    1    1  2.37599E+08 0.21449 
   63   63    1    1     1     1     1    1    1    1  3.05798E+08 0.26396 
   64   64    1    1     1     1     1    1    1    1  1.79418E+08 0.22326 
   65   65    1    1     1     1     1    1    1    1  2.56407E+08 0.22171 
   66   66    1    1     1     1     1    1    1    1  3.13458E+08 0.28008 
   67   67    1    1     1     1     1    1    1    1  2.15274E+08 0.22854 
   68   68    1    1     1     1     1    1    1    1  3.06848E+08 0.27455 
   69   69    1    1     1     1     1    1    1    1  2.27779E+08 0.22957 
   70   70    1    1     1     1     1    1    1    1  7.32971E+07 0.19505 
   71   71    1    1     1     1     1    1    1    1  6.16767E+07 0.22357 
   72   72    1    1     1     1     1    1    1    1  1.12929E+08 0.30002 
   73   73    1    1     1     1     1    1    1    1  7.64022E+07 0.19617 
   74   74    1    1     1     1     1    1    1    1  2.52256E+08 0.21037 
   75   75    1    1     1     1     1    1    1    1  1.35907E+08 0.21290 
   76   76    1    1     1     1     1    1    1    1  1.83738E+08 0.18442 
   77   77    1    1     1     1     1    1    1    1  3.23903E+08 0.15530 
   78   78    1    1     1     1     1    1    1    1  4.02996E+08 0.21666 
   79   79    1    1     1     1     1    1    1    1  7.10309E+08 0.15770 
   80   80    1    1     1     1     1    1    1    1  4.01975E+08 0.17989 
   81   81    1    1     1     1     1    1    1    1  1.72289E+08 0.17890 
   82   82    1    1     1     1     1    1    1    1  4.60060E+08 0.11340 
   83   83    1    1     1     1     1    1    1    1  8.93751E+08 0.12798 
   84   84    1    1     1     1     1    1    1    1  3.28932E+08 0.12216 
   85   85    1    1     1     1     1    1    1    1  8.05049E+08 0.10962 
   86   86    1    1     1     1     1    1    1    1  9.26166E+08 0.15532 
   87   87    1    1     1     1     1    1    1    1  7.03111E+08 0.11907 
   88   88    1    1     1     1     1    1    1    1  8.91068E+08 0.10831 
   89   89    1    1     1     1     1    1    1    1  6.51233E+08 0.08744 
   90   90    1    1     1     1     1    1    1    1  2.48268E+09 0.07446 
   91   91    1    1     1     1     1    1    1    1  2.54810E+09 0.07467 
   92   92    1    1     1     1     1    1    1    1  3.03771E+09 0.09883 
   93   93    1    1     1     1     1    1    1    1  2.35166E+09 0.10849 
   94   94    1    1     1     1     1    1    1    1  1.65745E+09 0.08506 
   95   95    1    1     1     1     1    1    1    1  1.13981E+09 0.08029 
   96   96    1    1     1     1     1    1    1    1  1.53231E+09 0.08776 
   97   97    1    1     1     1     1    1    1    1  1.69441E+09 0.06002 
   98   98    1    1     1     1     1    1    1    1  3.26488E+09 0.07252 
   99   99    1    1     1     1     1    1    1    1  3.31536E+09 0.07870 
  100  100    1    1     1     1     1    1    1    1  3.55938E+09 0.05672 
  101  101    1    1     1     1     1    1    1    1  3.78207E+09 0.05132 
  102  102    1    1     1     1     1    1    1    1  5.04599E+09 0.07712 
  103  103    1    1     1     1     1    1    1    1  4.30175E+09 0.05492 
  104  104    1    1     1     1     1    1    1    1  6.51894E+09 0.06254 
  105  105    1    1     1     1     1    1    1    1  5.44326E+09 0.04606 
