
DETspecTot = [
    1    1    1    1     1     1     1    1    1    1  0.00000E+00 0.00000 
    2    2    1    1     1     1     1    1    1    1  0.00000E+00 0.00000 
    3    3    1    1     1     1     1    1    1    1  0.00000E+00 0.00000 
    4    4    1    1     1     1     1    1    1    1  0.00000E+00 0.00000 
    5    5    1    1     1     1     1    1    1    1  0.00000E+00 0.00000 
    6    6    1    1     1     1     1    1    1    1  0.00000E+00 0.00000 
    7    7    1    1     1     1     1    1    1    1  1.44506E+05 1.00000 
    8    8    1    1     1     1     1    1    1    1  0.00000E+00 0.00000 
    9    9    1    1     1     1     1    1    1    1  0.00000E+00 0.00000 
   10   10    1    1     1     1     1    1    1    1  0.00000E+00 0.00000 
   11   11    1    1     1     1     1    1    1    1  0.00000E+00 0.00000 
   12   12    1    1     1     1     1    1    1    1  0.00000E+00 0.00000 
   13   13    1    1     1     1     1    1    1    1  5.23033E+05 0.70705 
   14   14    1    1     1     1     1    1    1    1  0.00000E+00 0.00000 
   15   15    1    1     1     1     1    1    1    1  0.00000E+00 0.00000 
   16   16    1    1     1     1     1    1    1    1  0.00000E+00 0.00000 
   17   17    1    1     1     1     1    1    1    1  0.00000E+00 0.00000 
   18   18    1    1     1     1     1    1    1    1  6.47707E+05 1.00000 
   19   19    1    1     1     1     1    1    1    1  1.31305E+06 0.70721 
   20   20    1    1     1     1     1    1    1    1  7.00163E+05 1.00000 
   21   21    1    1     1     1     1    1    1    1  3.32657E+05 1.00000 
   22   22    1    1     1     1     1    1    1    1  7.70632E+05 0.70703 
   23   23    1    1     1     1     1    1    1    1  4.00503E+05 1.00000 
   24   24    1    1     1     1     1    1    1    1  4.56572E+06 0.54041 
   25   25    1    1     1     1     1    1    1    1  1.20865E+07 0.44733 
   26   26    1    1     1     1     1    1    1    1  1.22826E+07 0.74622 
   27   27    1    1     1     1     1    1    1    1  5.54158E+06 0.75519 
   28   28    1    1     1     1     1    1    1    1  7.92548E+06 0.57761 
   29   29    1    1     1     1     1    1    1    1  0.00000E+00 0.00000 
   30   30    1    1     1     1     1    1    1    1  1.20309E+07 0.46735 
   31   31    1    1     1     1     1    1    1    1  2.16944E+07 0.57179 
   32   32    1    1     1     1     1    1    1    1  2.10489E+07 0.70702 
   33   33    1    1     1     1     1    1    1    1  4.75088E+07 0.45237 
   34   34    1    1     1     1     1    1    1    1  1.02794E+07 0.75553 
   35   35    1    1     1     1     1    1    1    1  0.00000E+00 0.00000 
   36   36    1    1     1     1     1    1    1    1  1.07137E+07 0.57722 
   37   37    1    1     1     1     1    1    1    1  1.28542E+07 0.70936 
   38   38    1    1     1     1     1    1    1    1  1.85821E+06 1.00000 
   39   39    1    1     1     1     1    1    1    1  0.00000E+00 0.00000 
   40   40    1    1     1     1     1    1    1    1  2.99737E+06 0.44771 
   41   41    1    1     1     1     1    1    1    1  2.40101E+06 1.00000 
   42   42    1    1     1     1     1    1    1    1  0.00000E+00 0.00000 
   43   43    1    1     1     1     1    1    1    1  2.88712E+06 1.00000 
   44   44    1    1     1     1     1    1    1    1  9.30302E+06 0.71506 
   45   45    1    1     1     1     1    1    1    1  1.44956E+07 0.50594 
   46   46    1    1     1     1     1    1    1    1  1.75420E+07 0.52821 
   47   47    1    1     1     1     1    1    1    1  2.04277E+07 0.52823 
   48   48    1    1     1     1     1    1    1    1  5.11238E+07 0.36534 
   49   49    1    1     1     1     1    1    1    1  4.86034E+07 0.42580 
   50   50    1    1     1     1     1    1    1    1  0.00000E+00 0.00000 
   51   51    1    1     1     1     1    1    1    1  1.40532E+08 0.33521 
   52   52    1    1     1     1     1    1    1    1  1.16200E+08 0.37604 
   53   53    1    1     1     1     1    1    1    1  1.26978E+08 0.35313 
   54   54    1    1     1     1     1    1    1    1  1.59109E+08 0.33024 
   55   55    1    1     1     1     1    1    1    1  1.93600E+08 0.35237 
   56   56    1    1     1     1     1    1    1    1  3.09723E+08 0.52965 
   57   57    1    1     1     1     1    1    1    1  1.83934E+08 0.31983 
   58   58    1    1     1     1     1    1    1    1  1.91631E+08 0.40185 
   59   59    1    1     1     1     1    1    1    1  2.08320E+08 0.32164 
   60   60    1    1     1     1     1    1    1    1  2.20945E+08 0.32252 
   61   61    1    1     1     1     1    1    1    1  1.03639E+08 1.00000 
   62   62    1    1     1     1     1    1    1    1  3.19366E+08 0.20119 
   63   63    1    1     1     1     1    1    1    1  2.12817E+08 0.23410 
   64   64    1    1     1     1     1    1    1    1  2.67598E+08 0.21088 
   65   65    1    1     1     1     1    1    1    1  1.65407E+08 0.24827 
   66   66    1    1     1     1     1    1    1    1  1.54617E+08 0.34934 
   67   67    1    1     1     1     1    1    1    1  1.34300E+08 0.33005 
   68   68    1    1     1     1     1    1    1    1  1.58011E+08 0.45325 
   69   69    1    1     1     1     1    1    1    1  1.13628E+08 0.34256 
   70   70    1    1     1     1     1    1    1    1  5.37961E+07 0.25562 
   71   71    1    1     1     1     1    1    1    1  6.09589E+07 0.26146 
   72   72    1    1     1     1     1    1    1    1  6.68411E+07 0.27009 
   73   73    1    1     1     1     1    1    1    1  7.38314E+07 0.21651 
   74   74    1    1     1     1     1    1    1    1  2.40919E+08 0.25882 
   75   75    1    1     1     1     1    1    1    1  1.54559E+08 0.27639 
   76   76    1    1     1     1     1    1    1    1  1.60089E+08 0.19631 
   77   77    1    1     1     1     1    1    1    1  2.15758E+08 0.21360 
   78   78    1    1     1     1     1    1    1    1  3.11098E+08 0.26061 
   79   79    1    1     1     1     1    1    1    1  4.96055E+08 0.17350 
   80   80    1    1     1     1     1    1    1    1  3.89216E+08 0.19583 
   81   81    1    1     1     1     1    1    1    1  1.53895E+08 0.24050 
   82   82    1    1     1     1     1    1    1    1  3.70453E+08 0.12145 
   83   83    1    1     1     1     1    1    1    1  7.12688E+08 0.14154 
   84   84    1    1     1     1     1    1    1    1  2.30903E+08 0.15055 
   85   85    1    1     1     1     1    1    1    1  6.63741E+08 0.12942 
   86   86    1    1     1     1     1    1    1    1  6.20835E+08 0.18292 
   87   87    1    1     1     1     1    1    1    1  4.43507E+08 0.15391 
   88   88    1    1     1     1     1    1    1    1  5.61285E+08 0.13026 
   89   89    1    1     1     1     1    1    1    1  4.89379E+08 0.09978 
   90   90    1    1     1     1     1    1    1    1  1.44454E+09 0.09070 
   91   91    1    1     1     1     1    1    1    1  1.82179E+09 0.08110 
   92   92    1    1     1     1     1    1    1    1  2.44962E+09 0.11012 
   93   93    1    1     1     1     1    1    1    1  1.40126E+09 0.13842 
   94   94    1    1     1     1     1    1    1    1  1.29843E+09 0.09052 
   95   95    1    1     1     1     1    1    1    1  7.53646E+08 0.08735 
   96   96    1    1     1     1     1    1    1    1  1.32347E+09 0.08938 
   97   97    1    1     1     1     1    1    1    1  1.27541E+09 0.06598 
   98   98    1    1     1     1     1    1    1    1  2.51172E+09 0.07763 
   99   99    1    1     1     1     1    1    1    1  2.88196E+09 0.08067 
  100  100    1    1     1     1     1    1    1    1  3.07318E+09 0.06348 
  101  101    1    1     1     1     1    1    1    1  3.23409E+09 0.05686 
  102  102    1    1     1     1     1    1    1    1  4.96609E+09 0.08233 
  103  103    1    1     1     1     1    1    1    1  3.63266E+09 0.05892 
  104  104    1    1     1     1     1    1    1    1  5.52079E+09 0.06658 
  105  105    1    1     1     1     1    1    1    1  4.41597E+09 0.04983 
