
DETspecTot = [
    1    1    1    1     1     1     1    1    1    1  0.00000E+00 0.00000 
    2    2    1    1     1     1     1    1    1    1  0.00000E+00 0.00000 
    3    3    1    1     1     1     1    1    1    1  0.00000E+00 0.00000 
    4    4    1    1     1     1     1    1    1    1  0.00000E+00 0.00000 
    5    5    1    1     1     1     1    1    1    1  0.00000E+00 0.00000 
    6    6    1    1     1     1     1    1    1    1  0.00000E+00 0.00000 
    7    7    1    1     1     1     1    1    1    1  0.00000E+00 0.00000 
    8    8    1    1     1     1     1    1    1    1  0.00000E+00 0.00000 
    9    9    1    1     1     1     1    1    1    1  0.00000E+00 0.00000 
   10   10    1    1     1     1     1    1    1    1  0.00000E+00 0.00000 
   11   11    1    1     1     1     1    1    1    1  0.00000E+00 0.00000 
   12   12    1    1     1     1     1    1    1    1  0.00000E+00 0.00000 
   13   13    1    1     1     1     1    1    1    1  0.00000E+00 0.00000 
   14   14    1    1     1     1     1    1    1    1  0.00000E+00 0.00000 
   15   15    1    1     1     1     1    1    1    1  0.00000E+00 0.00000 
   16   16    1    1     1     1     1    1    1    1  0.00000E+00 0.00000 
   17   17    1    1     1     1     1    1    1    1  0.00000E+00 0.00000 
   18   18    1    1     1     1     1    1    1    1  7.92098E+05 1.00000 
   19   19    1    1     1     1     1    1    1    1  0.00000E+00 0.00000 
   20   20    1    1     1     1     1    1    1    1  0.00000E+00 0.00000 
   21   21    1    1     1     1     1    1    1    1  0.00000E+00 0.00000 
   22   22    1    1     1     1     1    1    1    1  0.00000E+00 0.00000 
   23   23    1    1     1     1     1    1    1    1  0.00000E+00 0.00000 
   24   24    1    1     1     1     1    1    1    1  1.23279E+06 1.00000 
   25   25    1    1     1     1     1    1    1    1  3.10860E+06 1.00000 
   26   26    1    1     1     1     1    1    1    1  0.00000E+00 0.00000 
   27   27    1    1     1     1     1    1    1    1  0.00000E+00 0.00000 
   28   28    1    1     1     1     1    1    1    1  0.00000E+00 0.00000 
   29   29    1    1     1     1     1    1    1    1  0.00000E+00 0.00000 
   30   30    1    1     1     1     1    1    1    1  0.00000E+00 0.00000 
   31   31    1    1     1     1     1    1    1    1  0.00000E+00 0.00000 
   32   32    1    1     1     1     1    1    1    1  0.00000E+00 0.00000 
   33   33    1    1     1     1     1    1    1    1  0.00000E+00 0.00000 
   34   34    1    1     1     1     1    1    1    1  3.49430E+06 1.00000 
   35   35    1    1     1     1     1    1    1    1  0.00000E+00 0.00000 
   36   36    1    1     1     1     1    1    1    1  0.00000E+00 0.00000 
   37   37    1    1     1     1     1    1    1    1  0.00000E+00 0.00000 
   38   38    1    1     1     1     1    1    1    1  0.00000E+00 0.00000 
   39   39    1    1     1     1     1    1    1    1  0.00000E+00 0.00000 
   40   40    1    1     1     1     1    1    1    1  0.00000E+00 0.00000 
   41   41    1    1     1     1     1    1    1    1  0.00000E+00 0.00000 
   42   42    1    1     1     1     1    1    1    1  0.00000E+00 0.00000 
   43   43    1    1     1     1     1    1    1    1  0.00000E+00 0.00000 
   44   44    1    1     1     1     1    1    1    1  0.00000E+00 0.00000 
   45   45    1    1     1     1     1    1    1    1  0.00000E+00 0.00000 
   46   46    1    1     1     1     1    1    1    1  0.00000E+00 0.00000 
   47   47    1    1     1     1     1    1    1    1  5.94291E+06 1.00000 
   48   48    1    1     1     1     1    1    1    1  7.49921E+06 1.00000 
   49   49    1    1     1     1     1    1    1    1  0.00000E+00 0.00000 
   50   50    1    1     1     1     1    1    1    1  0.00000E+00 0.00000 
   51   51    1    1     1     1     1    1    1    1  0.00000E+00 0.00000 
   52   52    1    1     1     1     1    1    1    1  0.00000E+00 0.00000 
   53   53    1    1     1     1     1    1    1    1  8.30767E+06 1.00000 
   54   54    1    1     1     1     1    1    1    1  0.00000E+00 0.00000 
   55   55    1    1     1     1     1    1    1    1  1.81381E+07 0.70713 
   56   56    1    1     1     1     1    1    1    1  0.00000E+00 0.00000 
   57   57    1    1     1     1     1    1    1    1  3.24590E+07 0.74226 
   58   58    1    1     1     1     1    1    1    1  0.00000E+00 0.00000 
   59   59    1    1     1     1     1    1    1    1  1.46598E+07 0.70756 
   60   60    1    1     1     1     1    1    1    1  2.11860E+07 0.60071 
   61   61    1    1     1     1     1    1    1    1  0.00000E+00 0.00000 
   62   62    1    1     1     1     1    1    1    1  3.47034E+07 0.53921 
   63   63    1    1     1     1     1    1    1    1  4.36412E+06 1.00000 
   64   64    1    1     1     1     1    1    1    1  3.78552E+06 1.00000 
   65   65    1    1     1     1     1    1    1    1  1.12580E+07 0.77346 
   66   66    1    1     1     1     1    1    1    1  1.86505E+07 1.00000 
   67   67    1    1     1     1     1    1    1    1  1.69613E+07 1.00000 
   68   68    1    1     1     1     1    1    1    1  0.00000E+00 0.00000 
   69   69    1    1     1     1     1    1    1    1  1.47973E+07 0.57894 
   70   70    1    1     1     1     1    1    1    1  6.66574E+06 0.72596 
   71   71    1    1     1     1     1    1    1    1  9.85240E+06 0.74414 
   72   72    1    1     1     1     1    1    1    1  3.66811E+06 0.70874 
   73   73    1    1     1     1     1    1    1    1  2.35659E+06 0.67691 
   74   74    1    1     1     1     1    1    1    1  9.86123E+06 0.70856 
   75   75    1    1     1     1     1    1    1    1  1.27098E+07 0.70746 
   76   76    1    1     1     1     1    1    1    1  1.69862E+07 1.00000 
   77   77    1    1     1     1     1    1    1    1  1.84644E+07 0.77249 
   78   78    1    1     1     1     1    1    1    1  3.27555E+07 0.49988 
   79   79    1    1     1     1     1    1    1    1  3.09474E+07 0.49953 
   80   80    1    1     1     1     1    1    1    1  5.41000E+07 0.40662 
   81   81    1    1     1     1     1    1    1    1  5.82194E+06 1.00000 
   82   82    1    1     1     1     1    1    1    1  1.93494E+07 0.36346 
   83   83    1    1     1     1     1    1    1    1  4.71897E+07 0.40522 
   84   84    1    1     1     1     1    1    1    1  1.66706E+07 0.46815 
   85   85    1    1     1     1     1    1    1    1  3.42028E+07 0.47819 
   86   86    1    1     1     1     1    1    1    1  2.57504E+07 0.58077 
   87   87    1    1     1     1     1    1    1    1  3.01241E+07 0.48529 
   88   88    1    1     1     1     1    1    1    1  2.69314E+07 0.38885 
   89   89    1    1     1     1     1    1    1    1  6.82369E+07 0.31373 
   90   90    1    1     1     1     1    1    1    1  1.15496E+08 0.26423 
   91   91    1    1     1     1     1    1    1    1  1.49715E+08 0.22578 
   92   92    1    1     1     1     1    1    1    1  1.85360E+08 0.32815 
   93   93    1    1     1     1     1    1    1    1  2.17411E+08 0.29991 
   94   94    1    1     1     1     1    1    1    1  1.33365E+08 0.21818 
   95   95    1    1     1     1     1    1    1    1  9.00643E+07 0.21888 
   96   96    1    1     1     1     1    1    1    1  1.02526E+08 0.25159 
   97   97    1    1     1     1     1    1    1    1  1.92246E+08 0.16822 
   98   98    1    1     1     1     1    1    1    1  3.11945E+08 0.22511 
   99   99    1    1     1     1     1    1    1    1  2.57406E+08 0.23124 
  100  100    1    1     1     1     1    1    1    1  2.42601E+08 0.17884 
  101  101    1    1     1     1     1    1    1    1  3.63656E+08 0.15157 
  102  102    1    1     1     1     1    1    1    1  3.57936E+08 0.31826 
  103  103    1    1     1     1     1    1    1    1  2.95690E+08 0.18924 
  104  104    1    1     1     1     1    1    1    1  4.38392E+08 0.19976 
  105  105    1    1     1     1     1    1    1    1  4.92808E+08 0.13748 
