
DETspecTot = [
    1    1    1    1     1     1     1    1    1    1  0.00000E+00 0.00000 
    2    2    1    1     1     1     1    1    1    1  0.00000E+00 0.00000 
    3    3    1    1     1     1     1    1    1    1  0.00000E+00 0.00000 
    4    4    1    1     1     1     1    1    1    1  0.00000E+00 0.00000 
    5    5    1    1     1     1     1    1    1    1  0.00000E+00 0.00000 
    6    6    1    1     1     1     1    1    1    1  0.00000E+00 0.00000 
    7    7    1    1     1     1     1    1    1    1  0.00000E+00 0.00000 
    8    8    1    1     1     1     1    1    1    1  0.00000E+00 0.00000 
    9    9    1    1     1     1     1    1    1    1  0.00000E+00 0.00000 
   10   10    1    1     1     1     1    1    1    1  0.00000E+00 0.00000 
   11   11    1    1     1     1     1    1    1    1  0.00000E+00 0.00000 
   12   12    1    1     1     1     1    1    1    1  0.00000E+00 0.00000 
   13   13    1    1     1     1     1    1    1    1  0.00000E+00 0.00000 
   14   14    1    1     1     1     1    1    1    1  0.00000E+00 0.00000 
   15   15    1    1     1     1     1    1    1    1  0.00000E+00 0.00000 
   16   16    1    1     1     1     1    1    1    1  1.16364E+06 0.70867 
   17   17    1    1     1     1     1    1    1    1  0.00000E+00 0.00000 
   18   18    1    1     1     1     1    1    1    1  0.00000E+00 0.00000 
   19   19    1    1     1     1     1    1    1    1  0.00000E+00 0.00000 
   20   20    1    1     1     1     1    1    1    1  0.00000E+00 0.00000 
   21   21    1    1     1     1     1    1    1    1  5.22410E+05 1.00000 
   22   22    1    1     1     1     1    1    1    1  0.00000E+00 0.00000 
   23   23    1    1     1     1     1    1    1    1  7.41534E+05 1.00000 
   24   24    1    1     1     1     1    1    1    1  0.00000E+00 0.00000 
   25   25    1    1     1     1     1    1    1    1  2.76306E+06 1.00000 
   26   26    1    1     1     1     1    1    1    1  0.00000E+00 0.00000 
   27   27    1    1     1     1     1    1    1    1  0.00000E+00 0.00000 
   28   28    1    1     1     1     1    1    1    1  0.00000E+00 0.00000 
   29   29    1    1     1     1     1    1    1    1  0.00000E+00 0.00000 
   30   30    1    1     1     1     1    1    1    1  3.94331E+06 1.00000 
   31   31    1    1     1     1     1    1    1    1  1.06826E+07 0.75176 
   32   32    1    1     1     1     1    1    1    1  0.00000E+00 0.00000 
   33   33    1    1     1     1     1    1    1    1  0.00000E+00 0.00000 
   34   34    1    1     1     1     1    1    1    1  6.86222E+06 1.00000 
   35   35    1    1     1     1     1    1    1    1  0.00000E+00 0.00000 
   36   36    1    1     1     1     1    1    1    1  0.00000E+00 0.00000 
   37   37    1    1     1     1     1    1    1    1  8.50934E+06 0.70770 
   38   38    1    1     1     1     1    1    1    1  5.98517E+06 1.00000 
   39   39    1    1     1     1     1    1    1    1  0.00000E+00 0.00000 
   40   40    1    1     1     1     1    1    1    1  2.02090E+06 1.00000 
   41   41    1    1     1     1     1    1    1    1  0.00000E+00 0.00000 
   42   42    1    1     1     1     1    1    1    1  9.02525E+06 1.00000 
   43   43    1    1     1     1     1    1    1    1  6.43173E+06 1.00000 
   44   44    1    1     1     1     1    1    1    1  0.00000E+00 0.00000 
   45   45    1    1     1     1     1    1    1    1  1.17354E+07 1.00000 
   46   46    1    1     1     1     1    1    1    1  9.40982E+06 0.70724 
   47   47    1    1     1     1     1    1    1    1  9.82565E+06 0.70707 
   48   48    1    1     1     1     1    1    1    1  1.99167E+07 0.74744 
   49   49    1    1     1     1     1    1    1    1  1.48938E+07 0.70706 
   50   50    1    1     1     1     1    1    1    1  0.00000E+00 0.00000 
   51   51    1    1     1     1     1    1    1    1  1.73974E+07 0.70703 
   52   52    1    1     1     1     1    1    1    1  1.60597E+07 0.70742 
   53   53    1    1     1     1     1    1    1    1  4.46722E+07 0.71830 
   54   54    1    1     1     1     1    1    1    1  4.46414E+07 0.60125 
   55   55    1    1     1     1     1    1    1    1  1.94405E+07 0.70702 
   56   56    1    1     1     1     1    1    1    1  0.00000E+00 0.00000 
   57   57    1    1     1     1     1    1    1    1  1.14248E+07 1.00000 
   58   58    1    1     1     1     1    1    1    1  1.64447E+07 0.70710 
   59   59    1    1     1     1     1    1    1    1  2.20172E+07 0.57886 
   60   60    1    1     1     1     1    1    1    1  7.72200E+07 0.44903 
   61   61    1    1     1     1     1    1    1    1  8.92978E+07 1.00000 
   62   62    1    1     1     1     1    1    1    1  7.06785E+07 0.40067 
   63   63    1    1     1     1     1    1    1    1  5.12829E+07 0.47169 
   64   64    1    1     1     1     1    1    1    1  7.41960E+07 0.40606 
   65   65    1    1     1     1     1    1    1    1  4.25660E+07 0.46936 
   66   66    1    1     1     1     1    1    1    1  4.95331E+07 0.59898 
   67   67    1    1     1     1     1    1    1    1  8.45256E+07 0.41529 
   68   68    1    1     1     1     1    1    1    1  6.42528E+07 0.61923 
   69   69    1    1     1     1     1    1    1    1  4.61953E+07 0.45145 
   70   70    1    1     1     1     1    1    1    1  3.09733E+07 0.50121 
   71   71    1    1     1     1     1    1    1    1  3.11934E+07 0.39273 
   72   72    1    1     1     1     1    1    1    1  1.31543E+07 0.60485 
   73   73    1    1     1     1     1    1    1    1  4.59534E+06 0.58011 
   74   74    1    1     1     1     1    1    1    1  1.52957E+07 0.57927 
   75   75    1    1     1     1     1    1    1    1  4.43497E+07 0.43304 
   76   76    1    1     1     1     1    1    1    1  4.07069E+07 0.57296 
   77   77    1    1     1     1     1    1    1    1  1.42575E+07 0.68343 
   78   78    1    1     1     1     1    1    1    1  4.30604E+07 0.45308 
   79   79    1    1     1     1     1    1    1    1  1.06830E+08 0.28034 
   80   80    1    1     1     1     1    1    1    1  1.05624E+08 0.39389 
   81   81    1    1     1     1     1    1    1    1  9.06528E+07 0.32366 
   82   82    1    1     1     1     1    1    1    1  9.17703E+07 0.23471 
   83   83    1    1     1     1     1    1    1    1  1.83163E+08 0.26407 
   84   84    1    1     1     1     1    1    1    1  9.10320E+07 0.22808 
   85   85    1    1     1     1     1    1    1    1  1.81940E+08 0.20681 
   86   86    1    1     1     1     1    1    1    1  1.71601E+08 0.31327 
   87   87    1    1     1     1     1    1    1    1  1.14511E+08 0.21432 
   88   88    1    1     1     1     1    1    1    1  9.49956E+07 0.27564 
   89   89    1    1     1     1     1    1    1    1  1.46961E+08 0.20397 
   90   90    1    1     1     1     1    1    1    1  3.45843E+08 0.14157 
   91   91    1    1     1     1     1    1    1    1  4.46697E+08 0.14414 
   92   92    1    1     1     1     1    1    1    1  6.08435E+08 0.19373 
   93   93    1    1     1     1     1    1    1    1  5.63957E+08 0.19906 
   94   94    1    1     1     1     1    1    1    1  3.86597E+08 0.16617 
   95   95    1    1     1     1     1    1    1    1  1.67115E+08 0.13951 
   96   96    1    1     1     1     1    1    1    1  4.38183E+08 0.15150 
   97   97    1    1     1     1     1    1    1    1  3.80121E+08 0.11107 
   98   98    1    1     1     1     1    1    1    1  5.90622E+08 0.16273 
   99   99    1    1     1     1     1    1    1    1  6.66226E+08 0.15406 
  100  100    1    1     1     1     1    1    1    1  7.02971E+08 0.12026 
  101  101    1    1     1     1     1    1    1    1  8.05320E+08 0.10099 
  102  102    1    1     1     1     1    1    1    1  1.36851E+09 0.14626 
  103  103    1    1     1     1     1    1    1    1  8.95607E+08 0.10354 
  104  104    1    1     1     1     1    1    1    1  1.26864E+09 0.11590 
  105  105    1    1     1     1     1    1    1    1  1.47007E+09 0.08435 
