
DETspecTot = [
    1    1    1    1     1     1     1    1    1    1  0.00000E+00 0.00000 
    2    2    1    1     1     1     1    1    1    1  0.00000E+00 0.00000 
    3    3    1    1     1     1     1    1    1    1  0.00000E+00 0.00000 
    4    4    1    1     1     1     1    1    1    1  0.00000E+00 0.00000 
    5    5    1    1     1     1     1    1    1    1  0.00000E+00 0.00000 
    6    6    1    1     1     1     1    1    1    1  0.00000E+00 0.00000 
    7    7    1    1     1     1     1    1    1    1  0.00000E+00 0.00000 
    8    8    1    1     1     1     1    1    1    1  0.00000E+00 0.00000 
    9    9    1    1     1     1     1    1    1    1  0.00000E+00 0.00000 
   10   10    1    1     1     1     1    1    1    1  0.00000E+00 0.00000 
   11   11    1    1     1     1     1    1    1    1  2.26278E+05 1.00000 
   12   12    1    1     1     1     1    1    1    1  0.00000E+00 0.00000 
   13   13    1    1     1     1     1    1    1    1  0.00000E+00 0.00000 
   14   14    1    1     1     1     1    1    1    1  0.00000E+00 0.00000 
   15   15    1    1     1     1     1    1    1    1  5.44475E+05 1.00000 
   16   16    1    1     1     1     1    1    1    1  0.00000E+00 0.00000 
   17   17    1    1     1     1     1    1    1    1  0.00000E+00 0.00000 
   18   18    1    1     1     1     1    1    1    1  0.00000E+00 0.00000 
   19   19    1    1     1     1     1    1    1    1  6.48947E+05 1.00000 
   20   20    1    1     1     1     1    1    1    1  0.00000E+00 0.00000 
   21   21    1    1     1     1     1    1    1    1  0.00000E+00 0.00000 
   22   22    1    1     1     1     1    1    1    1  0.00000E+00 0.00000 
   23   23    1    1     1     1     1    1    1    1  6.36767E+05 1.00000 
   24   24    1    1     1     1     1    1    1    1  0.00000E+00 0.00000 
   25   25    1    1     1     1     1    1    1    1  0.00000E+00 0.00000 
   26   26    1    1     1     1     1    1    1    1  0.00000E+00 0.00000 
   27   27    1    1     1     1     1    1    1    1  2.06251E+06 1.00000 
   28   28    1    1     1     1     1    1    1    1  0.00000E+00 0.00000 
   29   29    1    1     1     1     1    1    1    1  0.00000E+00 0.00000 
   30   30    1    1     1     1     1    1    1    1  0.00000E+00 0.00000 
   31   31    1    1     1     1     1    1    1    1  1.40758E+07 0.61187 
   32   32    1    1     1     1     1    1    1    1  9.91662E+06 1.00000 
   33   33    1    1     1     1     1    1    1    1  1.41735E+07 0.82126 
   34   34    1    1     1     1     1    1    1    1  3.70734E+07 0.58647 
   35   35    1    1     1     1     1    1    1    1  1.35119E+07 1.00000 
   36   36    1    1     1     1     1    1    1    1  1.74671E+07 0.61183 
   37   37    1    1     1     1     1    1    1    1  8.23403E+06 0.71068 
   38   38    1    1     1     1     1    1    1    1  0.00000E+00 0.00000 
   39   39    1    1     1     1     1    1    1    1  0.00000E+00 0.00000 
   40   40    1    1     1     1     1    1    1    1  6.96178E+06 0.60747 
   41   41    1    1     1     1     1    1    1    1  0.00000E+00 0.00000 
   42   42    1    1     1     1     1    1    1    1  0.00000E+00 0.00000 
   43   43    1    1     1     1     1    1    1    1  4.55690E+06 1.00000 
   44   44    1    1     1     1     1    1    1    1  0.00000E+00 0.00000 
   45   45    1    1     1     1     1    1    1    1  4.94161E+06 1.00000 
   46   46    1    1     1     1     1    1    1    1  1.39906E+07 0.57742 
   47   47    1    1     1     1     1    1    1    1  3.06120E+07 0.46575 
   48   48    1    1     1     1     1    1    1    1  4.02814E+07 0.47069 
   49   49    1    1     1     1     1    1    1    1  4.45497E+07 0.52273 
   50   50    1    1     1     1     1    1    1    1  0.00000E+00 0.00000 
   51   51    1    1     1     1     1    1    1    1  7.06984E+07 0.49970 
   52   52    1    1     1     1     1    1    1    1  5.00425E+07 0.57637 
   53   53    1    1     1     1     1    1    1    1  4.54701E+07 0.52760 
   54   54    1    1     1     1     1    1    1    1  4.58518E+07 0.52943 
   55   55    1    1     1     1     1    1    1    1  6.81823E+07 0.51480 
   56   56    1    1     1     1     1    1    1    1  0.00000E+00 0.00000 
   57   57    1    1     1     1     1    1    1    1  8.18240E+07 0.55290 
   58   58    1    1     1     1     1    1    1    1  5.58993E+07 0.40861 
   59   59    1    1     1     1     1    1    1    1  8.07914E+07 0.51178 
   60   60    1    1     1     1     1    1    1    1  3.26052E+07 0.42799 
   61   61    1    1     1     1     1    1    1    1  0.00000E+00 0.00000 
   62   62    1    1     1     1     1    1    1    1  5.32881E+07 0.46360 
   63   63    1    1     1     1     1    1    1    1  3.24400E+07 0.42968 
   64   64    1    1     1     1     1    1    1    1  3.75898E+07 0.40240 
   65   65    1    1     1     1     1    1    1    1  5.03357E+07 0.35178 
   66   66    1    1     1     1     1    1    1    1  1.01267E+08 0.55061 
   67   67    1    1     1     1     1    1    1    1  7.44412E+07 0.39984 
   68   68    1    1     1     1     1    1    1    1  1.01099E+08 0.65967 
   69   69    1    1     1     1     1    1    1    1  4.70441E+07 0.43653 
   70   70    1    1     1     1     1    1    1    1  9.38649E+06 0.55351 
   71   71    1    1     1     1     1    1    1    1  2.76617E+07 0.34586 
   72   72    1    1     1     1     1    1    1    1  1.37630E+07 0.53750 
   73   73    1    1     1     1     1    1    1    1  1.00682E+07 0.57222 
   74   74    1    1     1     1     1    1    1    1  9.49628E+07 0.43193 
   75   75    1    1     1     1     1    1    1    1  3.94995E+07 0.32093 
   76   76    1    1     1     1     1    1    1    1  1.58802E+07 0.82159 
   77   77    1    1     1     1     1    1    1    1  4.16990E+07 0.41376 
   78   78    1    1     1     1     1    1    1    1  5.48351E+07 0.61505 
   79   79    1    1     1     1     1    1    1    1  2.16630E+08 0.30815 
   80   80    1    1     1     1     1    1    1    1  1.49001E+08 0.32276 
   81   81    1    1     1     1     1    1    1    1  7.64208E+07 0.37701 
   82   82    1    1     1     1     1    1    1    1  5.01684E+07 0.26393 
   83   83    1    1     1     1     1    1    1    1  1.73532E+08 0.27210 
   84   84    1    1     1     1     1    1    1    1  1.21094E+08 0.20681 
   85   85    1    1     1     1     1    1    1    1  1.18275E+08 0.24785 
   86   86    1    1     1     1     1    1    1    1  1.01645E+08 0.33208 
   87   87    1    1     1     1     1    1    1    1  1.86840E+08 0.23256 
   88   88    1    1     1     1     1    1    1    1  9.98356E+07 0.24509 
   89   89    1    1     1     1     1    1    1    1  1.28092E+08 0.17797 
   90   90    1    1     1     1     1    1    1    1  3.72214E+08 0.14669 
   91   91    1    1     1     1     1    1    1    1  5.38643E+08 0.13123 
   92   92    1    1     1     1     1    1    1    1  5.59741E+08 0.17010 
   93   93    1    1     1     1     1    1    1    1  6.79422E+08 0.18834 
   94   94    1    1     1     1     1    1    1    1  3.65349E+08 0.14535 
   95   95    1    1     1     1     1    1    1    1  2.26725E+08 0.13036 
   96   96    1    1     1     1     1    1    1    1  4.44911E+08 0.14448 
   97   97    1    1     1     1     1    1    1    1  4.96143E+08 0.10547 
   98   98    1    1     1     1     1    1    1    1  8.44715E+08 0.14064 
   99   99    1    1     1     1     1    1    1    1  6.18057E+08 0.14307 
  100  100    1    1     1     1     1    1    1    1  8.17804E+08 0.10662 
  101  101    1    1     1     1     1    1    1    1  8.08578E+08 0.09881 
  102  102    1    1     1     1     1    1    1    1  1.17328E+09 0.14360 
  103  103    1    1     1     1     1    1    1    1  1.10715E+09 0.09717 
  104  104    1    1     1     1     1    1    1    1  1.41702E+09 0.11640 
  105  105    1    1     1     1     1    1    1    1  1.52279E+09 0.08020 
