
DETspecTot = [
    1    1    1    1     1     1     1    1    1    1  0.00000E+00 0.00000 
    2    2    1    1     1     1     1    1    1    1  0.00000E+00 0.00000 
    3    3    1    1     1     1     1    1    1    1  0.00000E+00 0.00000 
    4    4    1    1     1     1     1    1    1    1  7.07530E+04 1.00000 
    5    5    1    1     1     1     1    1    1    1  0.00000E+00 0.00000 
    6    6    1    1     1     1     1    1    1    1  0.00000E+00 0.00000 
    7    7    1    1     1     1     1    1    1    1  0.00000E+00 0.00000 
    8    8    1    1     1     1     1    1    1    1  0.00000E+00 0.00000 
    9    9    1    1     1     1     1    1    1    1  0.00000E+00 0.00000 
   10   10    1    1     1     1     1    1    1    1  0.00000E+00 0.00000 
   11   11    1    1     1     1     1    1    1    1  0.00000E+00 0.00000 
   12   12    1    1     1     1     1    1    1    1  0.00000E+00 0.00000 
   13   13    1    1     1     1     1    1    1    1  0.00000E+00 0.00000 
   14   14    1    1     1     1     1    1    1    1  0.00000E+00 0.00000 
   15   15    1    1     1     1     1    1    1    1  0.00000E+00 0.00000 
   16   16    1    1     1     1     1    1    1    1  4.82982E+05 1.00000 
   17   17    1    1     1     1     1    1    1    1  4.88992E+05 1.00000 
   18   18    1    1     1     1     1    1    1    1  2.51019E+06 0.49990 
   19   19    1    1     1     1     1    1    1    1  0.00000E+00 0.00000 
   20   20    1    1     1     1     1    1    1    1  1.03342E+06 0.70780 
   21   21    1    1     1     1     1    1    1    1  3.42043E+05 1.00000 
   22   22    1    1     1     1     1    1    1    1  7.48760E+05 0.70707 
   23   23    1    1     1     1     1    1    1    1  5.93460E+05 1.00000 
   24   24    1    1     1     1     1    1    1    1  3.06585E+06 0.57754 
   25   25    1    1     1     1     1    1    1    1  0.00000E+00 0.00000 
   26   26    1    1     1     1     1    1    1    1  4.21928E+06 1.00000 
   27   27    1    1     1     1     1    1    1    1  7.74906E+06 0.50035 
   28   28    1    1     1     1     1    1    1    1  2.41114E+07 0.46117 
   29   29    1    1     1     1     1    1    1    1  5.22774E+07 0.57744 
   30   30    1    1     1     1     1    1    1    1  2.75777E+07 0.31925 
   31   31    1    1     1     1     1    1    1    1  1.83066E+07 0.53092 
   32   32    1    1     1     1     1    1    1    1  2.11861E+07 0.70704 
   33   33    1    1     1     1     1    1    1    1  2.56331E+07 0.42689 
   34   34    1    1     1     1     1    1    1    1  1.16951E+07 0.50379 
   35   35    1    1     1     1     1    1    1    1  2.16950E+07 0.70744 
   36   36    1    1     1     1     1    1    1    1  8.77856E+06 0.57766 
   37   37    1    1     1     1     1    1    1    1  2.26145E+06 1.00000 
   38   38    1    1     1     1     1    1    1    1  2.15355E+06 1.00000 
   39   39    1    1     1     1     1    1    1    1  2.52006E+06 0.58685 
   40   40    1    1     1     1     1    1    1    1  0.00000E+00 0.00000 
   41   41    1    1     1     1     1    1    1    1  0.00000E+00 0.00000 
   42   42    1    1     1     1     1    1    1    1  7.47320E+06 0.60624 
   43   43    1    1     1     1     1    1    1    1  6.21634E+06 0.44944 
   44   44    1    1     1     1     1    1    1    1  0.00000E+00 0.00000 
   45   45    1    1     1     1     1    1    1    1  7.90427E+06 0.59084 
   46   46    1    1     1     1     1    1    1    1  1.49213E+07 0.44749 
   47   47    1    1     1     1     1    1    1    1  2.81062E+07 0.39904 
   48   48    1    1     1     1     1    1    1    1  2.09432E+07 0.50087 
   49   49    1    1     1     1     1    1    1    1  4.53852E+07 0.37795 
   50   50    1    1     1     1     1    1    1    1  0.00000E+00 0.00000 
   51   51    1    1     1     1     1    1    1    1  1.00922E+08 0.33584 
   52   52    1    1     1     1     1    1    1    1  1.67647E+08 0.32337 
   53   53    1    1     1     1     1    1    1    1  1.09775E+08 0.37379 
   54   54    1    1     1     1     1    1    1    1  1.41525E+08 0.36141 
   55   55    1    1     1     1     1    1    1    1  2.14145E+08 0.31108 
   56   56    1    1     1     1     1    1    1    1  1.29915E+08 0.70719 
   57   57    1    1     1     1     1    1    1    1  2.34738E+08 0.29443 
   58   58    1    1     1     1     1    1    1    1  2.84775E+08 0.38574 
   59   59    1    1     1     1     1    1    1    1  2.67146E+08 0.28933 
   60   60    1    1     1     1     1    1    1    1  3.59176E+08 0.23868 
   61   61    1    1     1     1     1    1    1    1  2.18861E+08 0.70707 
   62   62    1    1     1     1     1    1    1    1  3.54775E+08 0.18650 
   63   63    1    1     1     1     1    1    1    1  4.86737E+08 0.20345 
   64   64    1    1     1     1     1    1    1    1  4.66454E+08 0.22434 
   65   65    1    1     1     1     1    1    1    1  3.57797E+08 0.16661 
   66   66    1    1     1     1     1    1    1    1  3.52518E+08 0.25552 
   67   67    1    1     1     1     1    1    1    1  2.51403E+08 0.21389 
   68   68    1    1     1     1     1    1    1    1  2.16727E+08 0.29423 
   69   69    1    1     1     1     1    1    1    1  2.52969E+08 0.20766 
   70   70    1    1     1     1     1    1    1    1  5.31848E+07 0.23683 
   71   71    1    1     1     1     1    1    1    1  9.66066E+07 0.17123 
   72   72    1    1     1     1     1    1    1    1  1.29948E+08 0.23284 
   73   73    1    1     1     1     1    1    1    1  1.00145E+08 0.20213 
   74   74    1    1     1     1     1    1    1    1  3.90262E+08 0.19342 
   75   75    1    1     1     1     1    1    1    1  2.10991E+08 0.19075 
   76   76    1    1     1     1     1    1    1    1  1.96911E+08 0.18300 
   77   77    1    1     1     1     1    1    1    1  4.39634E+08 0.14057 
   78   78    1    1     1     1     1    1    1    1  6.46909E+08 0.17331 
   79   79    1    1     1     1     1    1    1    1  7.74433E+08 0.15365 
   80   80    1    1     1     1     1    1    1    1  5.94296E+08 0.16120 
   81   81    1    1     1     1     1    1    1    1  2.82269E+08 0.15989 
   82   82    1    1     1     1     1    1    1    1  6.54569E+08 0.10859 
   83   83    1    1     1     1     1    1    1    1  1.01318E+09 0.11280 
   84   84    1    1     1     1     1    1    1    1  3.71499E+08 0.10790 
   85   85    1    1     1     1     1    1    1    1  1.10639E+09 0.10204 
   86   86    1    1     1     1     1    1    1    1  1.35688E+09 0.12320 
   87   87    1    1     1     1     1    1    1    1  7.11996E+08 0.11917 
   88   88    1    1     1     1     1    1    1    1  9.40873E+08 0.10348 
   89   89    1    1     1     1     1    1    1    1  8.74727E+08 0.08385 
   90   90    1    1     1     1     1    1    1    1  3.03296E+09 0.07000 
   91   91    1    1     1     1     1    1    1    1  3.10092E+09 0.06590 
   92   92    1    1     1     1     1    1    1    1  4.02923E+09 0.08849 
   93   93    1    1     1     1     1    1    1    1  3.39094E+09 0.08552 
   94   94    1    1     1     1     1    1    1    1  2.30612E+09 0.07093 
   95   95    1    1     1     1     1    1    1    1  1.64165E+09 0.07167 
   96   96    1    1     1     1     1    1    1    1  2.22172E+09 0.07342 
   97   97    1    1     1     1     1    1    1    1  2.29189E+09 0.05129 
   98   98    1    1     1     1     1    1    1    1  4.32786E+09 0.06375 
   99   99    1    1     1     1     1    1    1    1  4.88324E+09 0.06379 
  100  100    1    1     1     1     1    1    1    1  5.24549E+09 0.04978 
  101  101    1    1     1     1     1    1    1    1  5.33671E+09 0.04408 
  102  102    1    1     1     1     1    1    1    1  6.74814E+09 0.06868 
  103  103    1    1     1     1     1    1    1    1  5.37616E+09 0.04953 
  104  104    1    1     1     1     1    1    1    1  8.67239E+09 0.05524 
  105  105    1    1     1     1     1    1    1    1  7.66209E+09 0.03977 
