
ZAI = [
666
0
];

NAMES = [
'lost            '
'total           '
];

iLOST    = 1;
iTOT     = 2;

MAT_NaCl_UCl3_VOLUME = [ 1.00000E+00 1.00000E+00 1.00000E+00 1.00000E+00 1.00000E+00 1.00000E+00 1.00000E+00 1.00000E+00 1.00000E+00 1.00000E+00 1.00000E+00 1.00000E+00 1.00000E+00 1.00000E+00 1.00000E+00 1.00000E+00 1.00000E+00 1.00000E+00 1.00000E+00 1.00000E+00 1.00000E+00 1.00000E+00 1.00000E+00 1.00000E+00 1.00000E+00 1.00000E+00 1.00000E+00 ];

MAT_NaCl_UCl3_BURNUP = [ 0.00000E+00 5.00009E+00 1.00002E+01 2.00003E+01 3.00005E+01 4.00007E+01 5.00008E+01 6.00010E+01 7.00011E+01 8.00013E+01 9.00014E+01 1.00002E+02 1.10002E+02 1.20002E+02 1.30002E+02 1.40002E+02 1.50002E+02 1.60002E+02 1.70002E+02 1.80002E+02 1.90003E+02 2.00003E+02 2.10003E+02 2.20003E+02 2.30003E+02 2.40003E+02 2.50003E+02 ];

MAT_NaCl_UCl3_ADENS = [
0.00000E+00 1.07545E-12 2.15106E-12 4.30287E-12 6.45431E-12 8.60635E-12 1.07584E-11 1.29100E-11 1.50607E-11 1.72106E-11 1.93594E-11 2.15066E-11 2.36508E-11 2.57915E-11 2.79291E-11 3.00621E-11 3.21890E-11 3.43093E-11 3.64219E-11 3.85259E-11 4.06203E-11 4.27037E-11 4.47756E-11 4.68344E-11 4.88798E-11 5.09099E-11 5.29247E-11 % lost data
3.42523E-02 3.42757E-02 3.42991E-02 3.43458E-02 3.43925E-02 3.44392E-02 3.44858E-02 3.45324E-02 3.45790E-02 3.46255E-02 3.46720E-02 3.47184E-02 3.47649E-02 3.48113E-02 3.48576E-02 3.49039E-02 3.49502E-02 3.49965E-02 3.50428E-02 3.50890E-02 3.51352E-02 3.51814E-02 3.52276E-02 3.52738E-02 3.53200E-02 3.53662E-02 3.54123E-02 % total
];

MAT_NaCl_UCl3_MDENS = [
0.00000E+00 0.00000E+00 0.00000E+00 0.00000E+00 0.00000E+00 0.00000E+00 0.00000E+00 0.00000E+00 0.00000E+00 0.00000E+00 0.00000E+00 0.00000E+00 0.00000E+00 0.00000E+00 0.00000E+00 0.00000E+00 0.00000E+00 0.00000E+00 0.00000E+00 0.00000E+00 0.00000E+00 0.00000E+00 0.00000E+00 0.00000E+00 0.00000E+00 0.00000E+00 0.00000E+00 % lost data
3.31630E+00 3.31626E+00 3.31622E+00 3.31615E+00 3.31608E+00 3.31601E+00 3.31594E+00 3.31587E+00 3.31580E+00 3.31574E+00 3.31567E+00 3.31561E+00 3.31555E+00 3.31549E+00 3.31544E+00 3.31538E+00 3.31533E+00 3.31528E+00 3.31523E+00 3.31519E+00 3.31515E+00 3.31511E+00 3.31507E+00 3.31503E+00 3.31500E+00 3.31497E+00 3.31494E+00 % total
];

MAT_NaCl_UCl3_A = [
0.00000E+00 0.00000E+00 0.00000E+00 0.00000E+00 0.00000E+00 0.00000E+00 0.00000E+00 0.00000E+00 0.00000E+00 0.00000E+00 0.00000E+00 0.00000E+00 0.00000E+00 0.00000E+00 0.00000E+00 0.00000E+00 0.00000E+00 0.00000E+00 0.00000E+00 0.00000E+00 0.00000E+00 0.00000E+00 0.00000E+00 0.00000E+00 0.00000E+00 0.00000E+00 0.00000E+00 % lost data
4.31815E+04 7.40883E+12 7.48002E+12 7.48628E+12 7.53198E+12 7.57177E+12 7.61021E+12 7.64844E+12 7.68686E+12 7.72583E+12 7.76508E+12 7.80459E+12 7.84437E+12 7.88408E+12 7.92344E+12 7.96229E+12 8.00067E+12 8.03773E+12 8.07407E+12 8.10851E+12 8.14154E+12 8.17277E+12 8.20218E+12 8.22992E+12 8.25566E+12 8.27939E+12 8.30167E+12 % total
];

MAT_NaCl_UCl3_H = [
0.00000E+00 0.00000E+00 0.00000E+00 0.00000E+00 0.00000E+00 0.00000E+00 0.00000E+00 0.00000E+00 0.00000E+00 0.00000E+00 0.00000E+00 0.00000E+00 0.00000E+00 0.00000E+00 0.00000E+00 0.00000E+00 0.00000E+00 0.00000E+00 0.00000E+00 0.00000E+00 0.00000E+00 0.00000E+00 0.00000E+00 0.00000E+00 0.00000E+00 0.00000E+00 0.00000E+00 % lost data
3.10147E-08 2.28823E+00 2.29064E+00 2.26860E+00 2.26234E+00 2.25540E+00 2.24824E+00 2.24099E+00 2.23370E+00 2.22646E+00 2.21930E+00 2.21222E+00 2.20528E+00 2.19853E+00 2.19201E+00 2.18574E+00 2.17977E+00 2.17410E+00 2.16883E+00 2.16391E+00 2.15939E+00 2.15527E+00 2.15160E+00 2.14835E+00 2.14552E+00 2.14306E+00 2.14106E+00 % total
];

MAT_NaCl_UCl3_SF = [
0.00000E+00 0.00000E+00 0.00000E+00 0.00000E+00 0.00000E+00 0.00000E+00 0.00000E+00 0.00000E+00 0.00000E+00 0.00000E+00 0.00000E+00 0.00000E+00 0.00000E+00 0.00000E+00 0.00000E+00 0.00000E+00 0.00000E+00 0.00000E+00 0.00000E+00 0.00000E+00 0.00000E+00 0.00000E+00 0.00000E+00 0.00000E+00 0.00000E+00 0.00000E+00 0.00000E+00 % lost data
9.13196E-03 1.55096E-02 3.45916E-02 1.15277E-01 2.66471E-01 5.14948E-01 9.00818E-01 1.47883E+00 2.31957E+00 3.51045E+00 5.15675E+00 7.38098E+00 1.03244E+01 1.41437E+01 1.90072E+01 2.51022E+01 3.26218E+01 4.17578E+01 5.27230E+01 6.57009E+01 8.08994E+01 9.85007E+01 1.18681E+02 1.41618E+02 1.67458E+02 1.96381E+02 2.28494E+02 % total
];

MAT_NaCl_UCl3_GSRC = [
0.00000E+00 0.00000E+00 0.00000E+00 0.00000E+00 0.00000E+00 0.00000E+00 0.00000E+00 0.00000E+00 0.00000E+00 0.00000E+00 0.00000E+00 0.00000E+00 0.00000E+00 0.00000E+00 0.00000E+00 0.00000E+00 0.00000E+00 0.00000E+00 0.00000E+00 0.00000E+00 0.00000E+00 0.00000E+00 0.00000E+00 0.00000E+00 0.00000E+00 0.00000E+00 0.00000E+00 % lost data
3.55672E+04 9.73418E+12 9.76873E+12 9.72609E+12 9.76029E+12 9.79499E+12 9.83097E+12 9.86801E+12 9.90595E+12 9.94497E+12 9.98458E+12 1.00246E+13 1.00650E+13 1.01053E+13 1.01451E+13 1.01842E+13 1.02225E+13 1.02591E+13 1.02947E+13 1.03277E+13 1.03588E+13 1.03876E+13 1.04139E+13 1.04379E+13 1.04594E+13 1.04781E+13 1.04950E+13 % total
];

MAT_NaCl_UCl3_ING_TOX = [
0.00000E+00 0.00000E+00 0.00000E+00 0.00000E+00 0.00000E+00 0.00000E+00 0.00000E+00 0.00000E+00 0.00000E+00 0.00000E+00 0.00000E+00 0.00000E+00 0.00000E+00 0.00000E+00 0.00000E+00 0.00000E+00 0.00000E+00 0.00000E+00 0.00000E+00 0.00000E+00 0.00000E+00 0.00000E+00 0.00000E+00 0.00000E+00 0.00000E+00 0.00000E+00 0.00000E+00 % lost data
1.99609E-03 3.38440E+03 3.54835E+03 3.71179E+03 3.85035E+03 3.97364E+03 4.09249E+03 4.21026E+03 4.32822E+03 4.44705E+03 4.56703E+03 4.68847E+03 4.81166E+03 4.93664E+03 5.06334E+03 5.19186E+03 5.32221E+03 5.45388E+03 5.58700E+03 5.72079E+03 5.85519E+03 5.98966E+03 6.12378E+03 6.25728E+03 6.38945E+03 6.52007E+03 6.64875E+03 % total
];

MAT_NaCl_UCl3_INH_TOX = [
0.00000E+00 0.00000E+00 0.00000E+00 0.00000E+00 0.00000E+00 0.00000E+00 0.00000E+00 0.00000E+00 0.00000E+00 0.00000E+00 0.00000E+00 0.00000E+00 0.00000E+00 0.00000E+00 0.00000E+00 0.00000E+00 0.00000E+00 0.00000E+00 0.00000E+00 0.00000E+00 0.00000E+00 0.00000E+00 0.00000E+00 0.00000E+00 0.00000E+00 0.00000E+00 0.00000E+00 % lost data
3.58682E-01 6.84259E+03 9.37583E+03 1.34662E+04 1.74597E+04 2.18310E+04 2.68454E+04 3.26967E+04 3.95562E+04 4.75852E+04 5.69370E+04 6.77531E+04 8.01634E+04 9.42761E+04 1.10170E+05 1.27908E+05 1.47516E+05 1.68979E+05 1.92266E+05 2.17285E+05 2.43933E+05 2.72065E+05 3.01509E+05 3.32078E+05 3.63557E+05 3.95742E+05 4.28397E+05 % total
];

TOT_VOLUME = [ 1.00000E+00 1.00000E+00 1.00000E+00 1.00000E+00 1.00000E+00 1.00000E+00 1.00000E+00 1.00000E+00 1.00000E+00 1.00000E+00 1.00000E+00 1.00000E+00 1.00000E+00 1.00000E+00 1.00000E+00 1.00000E+00 1.00000E+00 1.00000E+00 1.00000E+00 1.00000E+00 1.00000E+00 1.00000E+00 1.00000E+00 1.00000E+00 1.00000E+00 1.00000E+00 1.00000E+00 ];

TOT_BURNUP = [ 0.00000E+00 -NAN -NAN -NAN -NAN -NAN -NAN -NAN -NAN -NAN -NAN -NAN -NAN -NAN -NAN -NAN -NAN -NAN -NAN -NAN -NAN -NAN -NAN -NAN -NAN -NAN -NAN ];

TOT_ADENS = [
0.00000E+00 1.07545E-12 2.15106E-12 4.30287E-12 6.45431E-12 8.60635E-12 1.07584E-11 1.29100E-11 1.50607E-11 1.72106E-11 1.93594E-11 2.15066E-11 2.36508E-11 2.57915E-11 2.79291E-11 3.00621E-11 3.21890E-11 3.43093E-11 3.64219E-11 3.85259E-11 4.06203E-11 4.27037E-11 4.47756E-11 4.68344E-11 4.88798E-11 5.09099E-11 5.29247E-11 % lost data
3.42523E-02 3.42757E-02 3.42991E-02 3.43458E-02 3.43925E-02 3.44392E-02 3.44858E-02 3.45324E-02 3.45790E-02 3.46255E-02 3.46720E-02 3.47184E-02 3.47649E-02 3.48113E-02 3.48576E-02 3.49039E-02 3.49502E-02 3.49965E-02 3.50428E-02 3.50890E-02 3.51352E-02 3.51814E-02 3.52276E-02 3.52738E-02 3.53200E-02 3.53662E-02 3.54123E-02 % total
];

