
DETspecTot = [
    1    1    1    1     1     1     1    1    1    1  0.00000E+00 0.00000 
    2    2    1    1     1     1     1    1    1    1  0.00000E+00 0.00000 
    3    3    1    1     1     1     1    1    1    1  0.00000E+00 0.00000 
    4    4    1    1     1     1     1    1    1    1  0.00000E+00 0.00000 
    5    5    1    1     1     1     1    1    1    1  0.00000E+00 0.00000 
    6    6    1    1     1     1     1    1    1    1  0.00000E+00 0.00000 
    7    7    1    1     1     1     1    1    1    1  1.57367E+05 1.00000 
    8    8    1    1     1     1     1    1    1    1  0.00000E+00 0.00000 
    9    9    1    1     1     1     1    1    1    1  0.00000E+00 0.00000 
   10   10    1    1     1     1     1    1    1    1  0.00000E+00 0.00000 
   11   11    1    1     1     1     1    1    1    1  4.32889E+05 1.00000 
   12   12    1    1     1     1     1    1    1    1  2.42331E+05 1.00000 
   13   13    1    1     1     1     1    1    1    1  0.00000E+00 0.00000 
   14   14    1    1     1     1     1    1    1    1  0.00000E+00 0.00000 
   15   15    1    1     1     1     1    1    1    1  0.00000E+00 0.00000 
   16   16    1    1     1     1     1    1    1    1  4.44450E+05 1.00000 
   17   17    1    1     1     1     1    1    1    1  0.00000E+00 0.00000 
   18   18    1    1     1     1     1    1    1    1  6.25384E+05 1.00000 
   19   19    1    1     1     1     1    1    1    1  1.98761E+06 0.57740 
   20   20    1    1     1     1     1    1    1    1  6.44787E+05 1.00000 
   21   21    1    1     1     1     1    1    1    1  1.23174E+06 0.57790 
   22   22    1    1     1     1     1    1    1    1  3.85242E+05 1.00000 
   23   23    1    1     1     1     1    1    1    1  0.00000E+00 0.00000 
   24   24    1    1     1     1     1    1    1    1  1.00477E+06 1.00000 
   25   25    1    1     1     1     1    1    1    1  0.00000E+00 0.00000 
   26   26    1    1     1     1     1    1    1    1  0.00000E+00 0.00000 
   27   27    1    1     1     1     1    1    1    1  5.55049E+06 0.57729 
   28   28    1    1     1     1     1    1    1    1  1.11863E+07 0.49996 
   29   29    1    1     1     1     1    1    1    1  0.00000E+00 0.00000 
   30   30    1    1     1     1     1    1    1    1  5.69464E+06 0.73562 
   31   31    1    1     1     1     1    1    1    1  1.09774E+07 0.74017 
   32   32    1    1     1     1     1    1    1    1  0.00000E+00 0.00000 
   33   33    1    1     1     1     1    1    1    1  3.58558E+07 0.39274 
   34   34    1    1     1     1     1    1    1    1  9.78217E+06 0.57981 
   35   35    1    1     1     1     1    1    1    1  1.13184E+07 1.00000 
   36   36    1    1     1     1     1    1    1    1  1.42144E+07 0.49987 
   37   37    1    1     1     1     1    1    1    1  1.67324E+06 1.00000 
   38   38    1    1     1     1     1    1    1    1  1.98158E+06 1.00000 
   39   39    1    1     1     1     1    1    1    1  2.53352E+06 0.71871 
   40   40    1    1     1     1     1    1    1    1  1.60641E+06 0.57813 
   41   41    1    1     1     1     1    1    1    1  2.23364E+06 1.00000 
   42   42    1    1     1     1     1    1    1    1  0.00000E+00 0.00000 
   43   43    1    1     1     1     1    1    1    1  2.22187E+06 1.00000 
   44   44    1    1     1     1     1    1    1    1  0.00000E+00 0.00000 
   45   45    1    1     1     1     1    1    1    1  2.79022E+06 1.00000 
   46   46    1    1     1     1     1    1    1    1  1.75693E+07 0.52398 
   47   47    1    1     1     1     1    1    1    1  2.41102E+07 0.40837 
   48   48    1    1     1     1     1    1    1    1  7.52066E+07 0.39012 
   49   49    1    1     1     1     1    1    1    1  9.39562E+07 0.33464 
   50   50    1    1     1     1     1    1    1    1  1.02490E+08 1.00000 
   51   51    1    1     1     1     1    1    1    1  7.33836E+07 0.37008 
   52   52    1    1     1     1     1    1    1    1  1.68956E+08 0.28361 
   53   53    1    1     1     1     1    1    1    1  2.43103E+08 0.30769 
   54   54    1    1     1     1     1    1    1    1  2.38042E+08 0.28222 
   55   55    1    1     1     1     1    1    1    1  2.26982E+08 0.39779 
   56   56    1    1     1     1     1    1    1    1  4.44186E+08 0.55289 
   57   57    1    1     1     1     1    1    1    1  2.93202E+08 0.34153 
   58   58    1    1     1     1     1    1    1    1  3.20189E+08 0.24503 
   59   59    1    1     1     1     1    1    1    1  3.30504E+08 0.27346 
   60   60    1    1     1     1     1    1    1    1  4.73844E+08 0.21472 
   61   61    1    1     1     1     1    1    1    1  2.00353E+08 0.70704 
   62   62    1    1     1     1     1    1    1    1  3.24340E+08 0.19996 
   63   63    1    1     1     1     1    1    1    1  3.71764E+08 0.20431 
   64   64    1    1     1     1     1    1    1    1  2.80713E+08 0.19220 
   65   65    1    1     1     1     1    1    1    1  2.98812E+08 0.18655 
   66   66    1    1     1     1     1    1    1    1  2.40607E+08 0.30614 
   67   67    1    1     1     1     1    1    1    1  2.17549E+08 0.24829 
   68   68    1    1     1     1     1    1    1    1  1.84000E+08 0.37025 
   69   69    1    1     1     1     1    1    1    1  1.08822E+08 0.32734 
   70   70    1    1     1     1     1    1    1    1  4.98341E+07 0.27645 
   71   71    1    1     1     1     1    1    1    1  4.88293E+07 0.25835 
   72   72    1    1     1     1     1    1    1    1  8.19758E+07 0.31470 
   73   73    1    1     1     1     1    1    1    1  4.10467E+07 0.27623 
   74   74    1    1     1     1     1    1    1    1  2.92846E+08 0.22177 
   75   75    1    1     1     1     1    1    1    1  1.31497E+08 0.19864 
   76   76    1    1     1     1     1    1    1    1  8.75463E+07 0.24818 
   77   77    1    1     1     1     1    1    1    1  2.04808E+08 0.19550 
   78   78    1    1     1     1     1    1    1    1  3.76530E+08 0.21936 
   79   79    1    1     1     1     1    1    1    1  4.78773E+08 0.17939 
   80   80    1    1     1     1     1    1    1    1  4.69830E+08 0.19213 
   81   81    1    1     1     1     1    1    1    1  1.97535E+08 0.18870 
   82   82    1    1     1     1     1    1    1    1  3.18736E+08 0.13024 
   83   83    1    1     1     1     1    1    1    1  6.90534E+08 0.14526 
   84   84    1    1     1     1     1    1    1    1  2.36995E+08 0.13289 
   85   85    1    1     1     1     1    1    1    1  5.46222E+08 0.14862 
   86   86    1    1     1     1     1    1    1    1  4.35260E+08 0.23324 
   87   87    1    1     1     1     1    1    1    1  4.95352E+08 0.14051 
   88   88    1    1     1     1     1    1    1    1  5.59640E+08 0.12184 
   89   89    1    1     1     1     1    1    1    1  4.27356E+08 0.11179 
   90   90    1    1     1     1     1    1    1    1  1.69416E+09 0.08499 
   91   91    1    1     1     1     1    1    1    1  1.91639E+09 0.07652 
   92   92    1    1     1     1     1    1    1    1  2.50599E+09 0.10664 
   93   93    1    1     1     1     1    1    1    1  2.14687E+09 0.11022 
   94   94    1    1     1     1     1    1    1    1  1.30635E+09 0.09139 
   95   95    1    1     1     1     1    1    1    1  9.78550E+08 0.08112 
   96   96    1    1     1     1     1    1    1    1  1.45909E+09 0.08963 
   97   97    1    1     1     1     1    1    1    1  1.28227E+09 0.06556 
   98   98    1    1     1     1     1    1    1    1  2.64587E+09 0.07947 
   99   99    1    1     1     1     1    1    1    1  2.69113E+09 0.08390 
  100  100    1    1     1     1     1    1    1    1  3.28970E+09 0.06013 
  101  101    1    1     1     1     1    1    1    1  3.08698E+09 0.05627 
  102  102    1    1     1     1     1    1    1    1  3.74027E+09 0.09360 
  103  103    1    1     1     1     1    1    1    1  3.10268E+09 0.06011 
  104  104    1    1     1     1     1    1    1    1  5.16591E+09 0.06968 
  105  105    1    1     1     1     1    1    1    1  5.12769E+09 0.04704 
