
DETspecTot = [
    1    1    1    1     1     1     1    1    1    1  0.00000E+00 0.00000 
    2    2    1    1     1     1     1    1    1    1  0.00000E+00 0.00000 
    3    3    1    1     1     1     1    1    1    1  0.00000E+00 0.00000 
    4    4    1    1     1     1     1    1    1    1  0.00000E+00 0.00000 
    5    5    1    1     1     1     1    1    1    1  0.00000E+00 0.00000 
    6    6    1    1     1     1     1    1    1    1  0.00000E+00 0.00000 
    7    7    1    1     1     1     1    1    1    1  0.00000E+00 0.00000 
    8    8    1    1     1     1     1    1    1    1  1.04700E+06 1.00000 
    9    9    1    1     1     1     1    1    1    1  0.00000E+00 0.00000 
   10   10    1    1     1     1     1    1    1    1  2.31744E+05 1.00000 
   11   11    1    1     1     1     1    1    1    1  4.34188E+05 0.70704 
   12   12    1    1     1     1     1    1    1    1  0.00000E+00 0.00000 
   13   13    1    1     1     1     1    1    1    1  2.72311E+05 1.00000 
   14   14    1    1     1     1     1    1    1    1  1.06118E+06 1.00000 
   15   15    1    1     1     1     1    1    1    1  1.24574E+06 0.57845 
   16   16    1    1     1     1     1    1    1    1  4.27189E+05 1.00000 
   17   17    1    1     1     1     1    1    1    1  1.06137E+06 0.71124 
   18   18    1    1     1     1     1    1    1    1  6.34320E+05 1.00000 
   19   19    1    1     1     1     1    1    1    1  3.83325E+06 0.40876 
   20   20    1    1     1     1     1    1    1    1  6.76713E+05 1.00000 
   21   21    1    1     1     1     1    1    1    1  7.33239E+05 0.71017 
   22   22    1    1     1     1     1    1    1    1  3.94898E+05 1.00000 
   23   23    1    1     1     1     1    1    1    1  1.07696E+06 0.72039 
   24   24    1    1     1     1     1    1    1    1  5.41129E+06 0.41395 
   25   25    1    1     1     1     1    1    1    1  5.28308E+06 0.70854 
   26   26    1    1     1     1     1    1    1    1  3.81903E+06 1.00000 
   27   27    1    1     1     1     1    1    1    1  9.15321E+06 0.52879 
   28   28    1    1     1     1     1    1    1    1  1.35853E+07 0.52938 
   29   29    1    1     1     1     1    1    1    1  0.00000E+00 0.00000 
   30   30    1    1     1     1     1    1    1    1  2.11166E+07 0.51613 
   31   31    1    1     1     1     1    1    1    1  2.49819E+07 0.46973 
   32   32    1    1     1     1     1    1    1    1  2.11084E+07 0.70709 
   33   33    1    1     1     1     1    1    1    1  4.41875E+07 0.39904 
   34   34    1    1     1     1     1    1    1    1  2.19321E+07 0.37944 
   35   35    1    1     1     1     1    1    1    1  2.09620E+07 0.70711 
   36   36    1    1     1     1     1    1    1    1  2.73258E+06 1.00000 
   37   37    1    1     1     1     1    1    1    1  5.37437E+06 0.73050 
   38   38    1    1     1     1     1    1    1    1  1.07296E+06 1.00000 
   39   39    1    1     1     1     1    1    1    1  8.21691E+05 1.00000 
   40   40    1    1     1     1     1    1    1    1  6.73662E+05 0.70717 
   41   41    1    1     1     1     1    1    1    1  0.00000E+00 0.00000 
   42   42    1    1     1     1     1    1    1    1  3.57501E+06 0.70702 
   43   43    1    1     1     1     1    1    1    1  0.00000E+00 0.00000 
   44   44    1    1     1     1     1    1    1    1  2.54524E+06 1.00000 
   45   45    1    1     1     1     1    1    1    1  0.00000E+00 0.00000 
   46   46    1    1     1     1     1    1    1    1  1.10223E+07 0.50109 
   47   47    1    1     1     1     1    1    1    1  2.63556E+07 0.39357 
   48   48    1    1     1     1     1    1    1    1  1.98959E+07 0.62356 
   49   49    1    1     1     1     1    1    1    1  6.54107E+07 0.44710 
   50   50    1    1     1     1     1    1    1    1  9.15632E+07 1.00000 
   51   51    1    1     1     1     1    1    1    1  7.74855E+07 0.31634 
   52   52    1    1     1     1     1    1    1    1  9.13360E+07 0.35148 
   53   53    1    1     1     1     1    1    1    1  3.80271E+08 0.25961 
   54   54    1    1     1     1     1    1    1    1  2.57823E+08 0.27421 
   55   55    1    1     1     1     1    1    1    1  4.10902E+08 0.21467 
   56   56    1    1     1     1     1    1    1    1  4.63424E+08 0.37772 
   57   57    1    1     1     1     1    1    1    1  4.06201E+08 0.25080 
   58   58    1    1     1     1     1    1    1    1  2.30391E+08 0.24455 
   59   59    1    1     1     1     1    1    1    1  5.27373E+08 0.20982 
   60   60    1    1     1     1     1    1    1    1  6.25344E+08 0.19034 
   61   61    1    1     1     1     1    1    1    1  1.09249E+08 1.00000 
   62   62    1    1     1     1     1    1    1    1  4.98175E+08 0.16652 
   63   63    1    1     1     1     1    1    1    1  6.58227E+08 0.15921 
   64   64    1    1     1     1     1    1    1    1  5.72921E+08 0.19576 
   65   65    1    1     1     1     1    1    1    1  5.52119E+08 0.16273 
   66   66    1    1     1     1     1    1    1    1  6.33613E+08 0.20901 
   67   67    1    1     1     1     1    1    1    1  4.51837E+08 0.18531 
   68   68    1    1     1     1     1    1    1    1  4.38119E+08 0.24139 
   69   69    1    1     1     1     1    1    1    1  2.66425E+08 0.20797 
   70   70    1    1     1     1     1    1    1    1  9.08496E+07 0.18840 
   71   71    1    1     1     1     1    1    1    1  7.31387E+07 0.21934 
   72   72    1    1     1     1     1    1    1    1  1.23277E+08 0.23475 
   73   73    1    1     1     1     1    1    1    1  8.41543E+07 0.21906 
   74   74    1    1     1     1     1    1    1    1  4.33972E+08 0.20208 
   75   75    1    1     1     1     1    1    1    1  1.53550E+08 0.18652 
   76   76    1    1     1     1     1    1    1    1  2.01629E+08 0.17407 
   77   77    1    1     1     1     1    1    1    1  6.91223E+08 0.12661 
   78   78    1    1     1     1     1    1    1    1  6.94312E+08 0.17855 
   79   79    1    1     1     1     1    1    1    1  8.42458E+08 0.14614 
   80   80    1    1     1     1     1    1    1    1  6.63322E+08 0.14887 
   81   81    1    1     1     1     1    1    1    1  3.78584E+08 0.15336 
   82   82    1    1     1     1     1    1    1    1  7.78027E+08 0.10291 
   83   83    1    1     1     1     1    1    1    1  9.12440E+08 0.13132 
   84   84    1    1     1     1     1    1    1    1  3.89787E+08 0.09711 
   85   85    1    1     1     1     1    1    1    1  1.03739E+09 0.09824 
   86   86    1    1     1     1     1    1    1    1  1.32739E+09 0.12172 
   87   87    1    1     1     1     1    1    1    1  9.75917E+08 0.10453 
   88   88    1    1     1     1     1    1    1    1  1.26265E+09 0.09969 
   89   89    1    1     1     1     1    1    1    1  9.63660E+08 0.07591 
   90   90    1    1     1     1     1    1    1    1  3.56009E+09 0.06480 
   91   91    1    1     1     1     1    1    1    1  3.70973E+09 0.05974 
   92   92    1    1     1     1     1    1    1    1  4.22546E+09 0.08162 
   93   93    1    1     1     1     1    1    1    1  3.42896E+09 0.08476 
   94   94    1    1     1     1     1    1    1    1  2.41756E+09 0.07189 
   95   95    1    1     1     1     1    1    1    1  2.07863E+09 0.06830 
   96   96    1    1     1     1     1    1    1    1  2.86181E+09 0.06675 
   97   97    1    1     1     1     1    1    1    1  2.46065E+09 0.04959 
   98   98    1    1     1     1     1    1    1    1  5.13319E+09 0.06070 
   99   99    1    1     1     1     1    1    1    1  5.25052E+09 0.06167 
  100  100    1    1     1     1     1    1    1    1  5.51545E+09 0.04852 
  101  101    1    1     1     1     1    1    1    1  5.90569E+09 0.04320 
  102  102    1    1     1     1     1    1    1    1  8.02167E+09 0.06680 
  103  103    1    1     1     1     1    1    1    1  5.66738E+09 0.04841 
  104  104    1    1     1     1     1    1    1    1  9.12728E+09 0.05367 
  105  105    1    1     1     1     1    1    1    1  8.29209E+09 0.03828 
